1305031102.175304 0.000000000 0.000000000 0.000000000 -0.000000000 -0.000000000 -0.000000000 1.000000000
1305031102.211214 -0.001322251 0.008667253 0.011147271 -0.001824690 -0.003155949 -0.001504217 0.999992251
1305031102.275326 -0.003141040 0.008454057 0.036259249 -0.013670949 -0.008930951 -0.000897793 0.999866307
1305031102.311267 -0.001865578 0.006745081 0.049436897 -0.018502368 -0.011550654 -0.000224547 0.999762118
1305031102.343233 -0.003449644 0.007841784 0.060915206 -0.020320261 -0.012858694 0.001523015 0.999709725
1305031102.375329 -0.004402994 0.007636502 0.073158413 -0.022783972 -0.014670068 0.001402191 0.999631822
1305031102.411258 -0.007891868 0.012944629 0.084714346 -0.023456307 -0.016639058 0.000606640 0.999586225
1305031102.443271 -0.004696465 0.020769091 0.094026566 -0.026938202 -0.021600697 0.001112167 0.999403119
1305031102.475318 -0.001855784 0.017878031 0.106934451 -0.035640370 -0.024802996 0.001214100 0.999056101
1305031102.511219 -0.001923370 0.019642459 0.119514287 -0.039971828 -0.023441661 -0.000608928 0.998925686
1305031102.575286 -0.000039382 0.012575543 0.145094842 -0.048655350 -0.021707457 -0.003215081 0.998574555
1305031102.611233 -0.003398418 0.011250562 0.157024950 -0.045998920 -0.017593207 -0.002974326 0.998782158
1305031102.675285 -0.008648581 0.021505957 0.179927915 -0.044028781 -0.017296826 -0.000581932 0.998880386
1305031102.711263 -0.009263558 0.020992730 0.193639368 -0.045313012 -0.017496593 0.000326667 0.998819590
1305031102.743234 -0.009655397 0.029203096 0.205271244 -0.044613201 -0.017660424 0.002041750 0.998846173
1305031102.775472 -0.006462821 0.029348208 0.218760133 -0.047278486 -0.016757907 0.000344882 0.998741150
1305031102.811232 -0.008872052 0.032998361 0.230942905 -0.048007216 -0.012835254 -0.000577184 0.998764396
1305031102.843290 -0.005918602 0.034954876 0.244212806 -0.049304858 -0.010817804 -0.001652814 0.998723865
1305031102.875363 -0.010533364 0.037870161 0.256569326 -0.048271835 -0.006355675 -0.004088223 0.998805642
1305031102.911185 -0.010081458 0.040954523 0.268466920 -0.047869503 -0.005457554 -0.005317980 0.998824596
1305031102.975203 -0.025267655 0.047262520 0.289087415 -0.047778457 -0.007430063 -0.007016095 0.998805761
1305031103.011215 -0.025060035 0.050916523 0.300383240 -0.048619192 -0.014170274 -0.004422461 0.998707056
1305031103.043227 -0.024738235 0.054094374 0.312076628 -0.050353110 -0.020549111 -0.001819493 0.998518407
1305031103.075319 -0.019964665 0.052462559 0.323455006 -0.051512696 -0.024922404 0.000923632 0.998360872
1305031103.111240 -0.021431005 0.060818486 0.330742359 -0.048580848 -0.023958715 0.001890726 0.998530149
1305031103.143318 -0.019689174 0.062977932 0.338710278 -0.049989969 -0.024818264 0.003322345 0.998435795
1305031103.175452 -0.021268910 0.069850318 0.346785694 -0.049083807 -0.022680555 0.003681243 0.998530388
1305031103.243216 -0.021773975 0.078979708 0.362905085 -0.060175762 -0.023005694 0.008817381 0.997883677
1305031103.275370 -0.027961545 0.079847910 0.368150622 -0.069655277 -0.023558697 0.011879523 0.997222185
1305031103.311210 -0.027904775 0.074836023 0.375593901 -0.077909142 -0.033135593 0.011670428 0.996341288
1305031103.343223 -0.021434693 0.075514071 0.376124859 -0.078808941 -0.039219137 0.011938826 0.996046484
1305031103.375327 -0.020293366 0.073604196 0.375879437 -0.082950428 -0.037777454 0.013553868 0.995745182
1305031103.411260 -0.021177847 0.068828769 0.375750512 -0.085986264 -0.036955699 0.015229126 0.995494246
1305031103.443280 -0.023564287 0.067020200 0.371456265 -0.085790470 -0.038294971 0.014842866 0.995466292
1305031103.475274 -0.021796176 0.062672533 0.367535800 -0.086200178 -0.041938234 0.012669233 0.995314121
1305031103.511333 -0.020433355 0.056441311 0.361518174 -0.084871240 -0.043938830 0.010222582 0.995370150
1305031103.543444 -0.020732218 0.052524019 0.353776962 -0.080437861 -0.044926409 0.008324221 0.995711863
1305031103.575474 -0.021809319 0.049524646 0.343638480 -0.076251313 -0.045868516 0.008713183 0.995994985
1305031103.611223 -0.021475524 0.044613052 0.334371805 -0.074188471 -0.049594067 0.010294240 0.995957136
1305031103.643445 -0.020617738 0.040568706 0.322885811 -0.071204402 -0.053891849 0.010686244 0.995947540
1305031103.675523 -0.019097678 0.036525890 0.311509103 -0.068574131 -0.056335468 0.010871837 0.995994866
1305031103.711610 -0.015604099 0.033331703 0.299540222 -0.065926559 -0.058402810 0.011031849 0.996052802
1305031103.743326 -0.013600335 0.027341090 0.286793917 -0.063674361 -0.058380045 0.009848152 0.996213019
1305031103.775342 -0.012926161 0.024734439 0.272077411 -0.060277518 -0.057860482 0.006738762 0.996480525
1305031103.811242 -0.012984459 0.025955241 0.257485926 -0.058602773 -0.056199413 0.003688310 0.996691465
1305031103.843251 -0.014096338 0.023381388 0.245246798 -0.062569998 -0.055865645 0.002045459 0.996473730
1305031103.875361 -0.014609836 0.011919013 0.235483050 -0.071034826 -0.059004106 -0.000964866 0.995726764
1305031103.911221 -0.012871304 0.004301859 0.221802309 -0.070866607 -0.063041963 -0.002265415 0.995489061
1305031103.943211 -0.012089314 0.004263802 0.202696323 -0.066777803 -0.065619156 -0.004226707 0.995598853
1305031103.975373 -0.007386036 -0.003415468 0.193072945 -0.066514619 -0.068776026 -0.004267839 0.995403171
1305031104.011232 -0.002699550 -0.009175804 0.180343106 -0.062609822 -0.069813371 -0.005117149 0.995580256
1305031104.043249 0.000353586 -0.010282015 0.166077316 -0.054520268 -0.066708200 -0.007440238 0.996254146
1305031104.075425 0.003869409 -0.013370392 0.148683980 -0.051102921 -0.062815949 -0.009850036 0.996667266
1305031104.111235 0.008756902 -0.018645732 0.137846813 -0.048344526 -0.058344636 -0.011581135 0.997058034
1305031104.143230 0.004168866 -0.022821082 0.121344171 -0.043206926 -0.050497804 -0.013651676 0.997695804
1305031104.175424 0.002578868 -0.025001176 0.106154069 -0.038713343 -0.046373792 -0.014488519 0.998068571
1305031104.211283 0.005079943 -0.030734425 0.093332760 -0.035430294 -0.044475049 -0.014058599 0.998283088
1305031104.243196 0.005865082 -0.033090159 0.079283148 -0.030583240 -0.042150266 -0.014278406 0.998541057
1305031104.275546 0.006540871 -0.034358975 0.065817334 -0.025879441 -0.039402556 -0.015107241 0.998773992
1305031104.311219 0.008024443 -0.035819344 0.054487236 -0.021969879 -0.036452875 -0.015066065 0.998980284
1305031104.343342 0.011987470 -0.035211161 0.043235201 -0.018325148 -0.033401068 -0.014841191 0.999163866
1305031104.375837 0.013427586 -0.037245266 0.032162949 -0.016866865 -0.028965514 -0.014455691 0.999333560
1305031104.411509 0.007155860 -0.036734577 0.022135092 -0.015066450 -0.023158995 -0.014253415 0.999516666
1305031104.443288 0.003790007 -0.036241688 0.012971671 -0.014386573 -0.021166347 -0.013371415 0.999583066
1305031104.475456 0.000382977 -0.037524797 0.003036821 -0.014802751 -0.021821108 -0.012558878 0.999573410
1305031104.511329 0.001284146 -0.043434363 -0.005227947 -0.015338059 -0.024939738 -0.010676404 0.999514341
1305031104.543368 0.001480293 -0.044124521 -0.014827780 -0.011522353 -0.026832776 -0.010751736 0.999515712
1305031104.575343 0.007342098 -0.048754159 -0.022677133 -0.007904942 -0.027625030 -0.010501781 0.999531925
1305031104.611336 0.016003130 -0.060425241 -0.031945512 -0.000688059 -0.024817042 -0.008810649 0.999652982
1305031104.643243 0.018310752 -0.056883965 -0.043869641 0.012608404 -0.017404029 -0.008874136 0.999729693
1305031104.675525 0.021833686 -0.061025791 -0.053445604 0.023447486 -0.010008268 -0.007333957 0.999648154
1305031104.711277 0.017664883 -0.060947977 -0.065065242 0.037492029 -0.001224229 -0.006147957 0.999277294
1305031104.743280 0.020432066 -0.060166948 -0.076347724 0.050958760 0.005560067 -0.003914493 0.998677671
1305031104.775327 0.020884659 -0.057003781 -0.084041901 0.063978009 0.012872624 -0.002182417 0.997865975
1305031104.811465 0.023509486 -0.051249448 -0.094048753 0.075896472 0.018913476 0.000170287 0.996936321
1305031104.843258 0.022347352 -0.045399863 -0.100791030 0.085275717 0.026008964 0.003299436 0.996012390
1305031104.875350 0.017016843 -0.038756914 -0.105284080 0.092116967 0.030242451 0.005357589 0.995274425
1305031104.911534 0.019115742 -0.034483667 -0.106648013 0.094986938 0.030634325 0.007777484 0.994976699
1305031104.943262 0.017503051 -0.031606458 -0.105901524 0.096350797 0.031790257 0.008569317 0.994802773
1305031104.975202 0.017795207 -0.025540197 -0.104336254 0.096013263 0.030684222 0.009438443 0.994862258
1305031105.011290 0.017919742 -0.021278974 -0.096130759 0.091983415 0.030058807 0.010266945 0.995253861
1305031105.043373 0.017429557 -0.018594949 -0.087779604 0.086374164 0.029667107 0.009005230 0.995780230
1305031105.075320 0.019139362 -0.022040104 -0.078477450 0.077896282 0.028079290 0.006940881 0.996541798
1305031105.111299 0.014219540 -0.024888555 -0.067624666 0.071355067 0.028278168 0.004639343 0.997039258
1305031105.143106 0.008376249 -0.016001666 -0.053716350 0.066553533 0.026432192 0.002047197 0.997430623
1305031105.175159 0.011571643 -0.006833693 -0.039034750 0.054445490 0.021332256 0.001136272 0.998288214
1305031105.211268 0.007362596 -0.017443435 -0.025034208 0.039171621 0.017842770 -0.001514860 0.999072134
1305031105.243270 0.001560105 -0.013662310 -0.010315278 0.031440206 0.013253475 -0.003113080 0.999412954
1305031105.275288 -0.004567749 -0.007776122 0.004639051 0.022170020 0.007656521 -0.004676549 0.999714017
1305031105.311290 -0.010180601 -0.012734428 0.015581906 0.010690185 0.001672441 -0.006358851 0.999921262
1305031105.343302 -0.013002923 -0.016424609 0.031865019 0.001572291 -0.004534216 -0.007120512 0.999963164
1305031105.375338 -0.012960827 -0.017391786 0.045085810 -0.002313001 -0.009879135 -0.006969612 0.999924242
1305031105.411286 -0.013513342 -0.009475413 0.059191503 -0.006454176 -0.015257508 -0.006519192 0.999841511
1305031105.443316 -0.014925436 -0.013326873 0.074517593 -0.014147762 -0.019126404 -0.008380326 0.999681890
1305031105.475280 -0.014131019 -0.012857792 0.087470636 -0.018140554 -0.023179701 -0.007199925 0.999540865
1305031105.511332 -0.013315221 -0.010658830 0.100312211 -0.022462260 -0.026196072 -0.007629941 0.999375343
1305031105.543282 -0.014220364 -0.012307704 0.116014577 -0.027318856 -0.026817333 -0.006606454 0.999245167
1305031105.575449 -0.015746403 -0.010002801 0.130037114 -0.030042879 -0.027937924 -0.006420570 0.999137521
1305031105.611378 -0.012782498 -0.012714110 0.145131171 -0.033840094 -0.030005010 -0.005524147 0.998961508
1305031105.643273 -0.014445998 -0.010943706 0.159558982 -0.034423333 -0.029963767 -0.002429215 0.998955190
1305031105.711309 -0.009054150 -0.010765566 0.188509881 -0.036207151 -0.030115915 -0.001990607 0.998888493
1305031105.743312 -0.008683153 -0.003611275 0.200591579 -0.032979231 -0.026153689 -0.001632530 0.999112487
1305031105.775339 -0.005323617 -0.004370207 0.217066482 -0.034395661 -0.022534722 -0.001663887 0.999152839
1305031105.811283 -0.007788958 -0.002428617 0.229708895 -0.032783914 -0.016602468 -0.001418840 0.999323606
1305031105.843271 -0.005021818 -0.001194853 0.243717298 -0.031878009 -0.013705181 -0.000084469 0.999397874
1305031105.875337 -0.004002575 0.007846075 0.257186621 -0.029304827 -0.008465941 0.002350386 0.999531925
1305031105.911262 -0.003125966 0.011773720 0.271779865 -0.031917892 -0.004794741 0.006776764 0.999456048
1305031105.943272 -0.004259933 0.017101513 0.283888251 -0.033976760 -0.000787274 0.009026777 0.999381602
1305031105.975329 -0.004599617 0.023713414 0.296143800 -0.036941953 0.001548273 0.009927864 0.999266922
1305031106.011285 -0.004065629 0.028582940 0.309082031 -0.040686961 0.003861010 0.011371369 0.999099791
1305031106.043355 -0.004575563 0.031652138 0.321578175 -0.045680616 0.005994501 0.012748418 0.998856843
1305031106.075330 -0.006612840 0.036729492 0.333096772 -0.048970923 0.007399666 0.014017059 0.998674512
1305031106.111327 -0.008305131 0.044141412 0.343865365 -0.052900653 0.007563929 0.015109917 0.998456836
1305031106.143355 -0.010275382 0.044430498 0.355385363 -0.061058071 0.006275468 0.017039549 0.997969091
1305031106.175534 -0.011313990 0.046324614 0.365292221 -0.065288395 0.004862556 0.018011825 0.997692049
1305031106.211275 -0.011444273 0.044267964 0.374849945 -0.070277438 0.002992810 0.019264568 0.997336984
1305031106.243267 -0.013673751 0.048560228 0.382121146 -0.069466688 0.002407290 0.022791406 0.997321010
1305031106.276385 -0.014071319 0.054179788 0.388553530 -0.069914058 0.000284643 0.023916906 0.997266293
1305031106.311238 -0.013662402 0.057339583 0.394165576 -0.073703140 -0.001438524 0.027437709 0.996901691
1305031106.343258 -0.015641920 0.063982211 0.397109091 -0.077696264 -0.002039036 0.027053978 0.996607840
1305031106.375388 -0.010258263 0.063462026 0.399512440 -0.087757491 -0.004403936 0.020316899 0.995924950
1305031106.411320 -0.007619158 0.057170521 0.403353781 -0.096390724 -0.000220081 0.015028730 0.995230079
1305031106.443278 -0.014489173 0.053544711 0.400434375 -0.097630374 0.006789505 0.009535134 0.995153904
1305031106.475345 -0.017438948 0.050673962 0.396488309 -0.097805947 0.006868883 0.008358418 0.995146751
1305031106.511129 -0.017931946 0.045754299 0.391286492 -0.096958198 0.003260891 0.008523908 0.995246649
1305031106.543302 -0.017548312 0.043862764 0.381680369 -0.093125999 -0.000838791 0.007266379 0.995627522
1305031106.575282 -0.015695093 0.041587055 0.371344268 -0.089812294 -0.003874989 0.006588080 0.995929420
1305031106.611151 -0.016895166 0.041630071 0.360264987 -0.088356435 -0.006860919 0.003574325 0.996058941
1305031106.643207 -0.016344048 0.033495881 0.349368870 -0.090012275 -0.009842489 0.001348575 0.995891154
1305031106.675279 -0.020252263 0.034222092 0.335649073 -0.086085342 -0.011525055 0.001201204 0.996220410
1305031106.711508 -0.020364085 0.029111046 0.323800325 -0.088591516 -0.017826404 0.000869228 0.995908141
1305031106.743341 -0.019854104 0.025067063 0.308073878 -0.087106995 -0.024880599 0.001558639 0.995886981
1305031106.775390 -0.017849516 0.021113895 0.292663246 -0.086495936 -0.031551939 0.001575047 0.995751202
1305031106.811289 -0.018705295 0.019876163 0.277292401 -0.086319089 -0.034775645 0.001342202 0.995659530
1305031106.843416 -0.016759878 0.009847969 0.263509691 -0.088812850 -0.039632570 -0.000071496 0.995259523
1305031106.875905 -0.013377315 0.006006730 0.246334121 -0.082506686 -0.042847943 -0.003377863 0.995663226
1305031106.911243 -0.015538597 0.007069298 0.225466162 -0.077435814 -0.040898629 -0.008689865 0.996120274
1305031106.943439 -0.014377525 -0.001665135 0.212257057 -0.077317372 -0.040336605 -0.012454301 0.996112406
1305031106.975547 -0.011468066 -0.008399684 0.196629390 -0.071729615 -0.039134301 -0.015123328 0.996541381
1305031107.011576 -0.012774792 -0.004649835 0.173961118 -0.063104190 -0.035440143 -0.018946713 0.997197509
1305031107.043281 -0.014354523 -0.010882248 0.158667013 -0.063919611 -0.032466143 -0.021938235 0.997185528
1305031107.075432 -0.016444402 -0.018342495 0.143145695 -0.060187593 -0.030975750 -0.022270137 0.997457802
1305031107.111229 -0.015289055 -0.017301410 0.126560062 -0.054242738 -0.031975634 -0.022922235 0.997752428
1305031107.143260 -0.011942213 -0.017880458 0.109704904 -0.052201550 -0.031774770 -0.022774370 0.997871161
1305031107.175399 -0.010771853 -0.025666328 0.097970188 -0.051107232 -0.030550085 -0.024267089 0.997930825
1305031107.211358 -0.008008521 -0.030718589 0.084353946 -0.045002069 -0.028796736 -0.025851194 0.998237073
1305031107.243378 -0.006824290 -0.031220483 0.069558218 -0.038418230 -0.025456777 -0.025871269 0.998602450
1305031107.275398 -0.002932019 -0.034715936 0.059267178 -0.033273511 -0.023129473 -0.025408948 0.998855531
1305031107.311226 -0.001362923 -0.041521251 0.048848100 -0.027172117 -0.019609047 -0.026853872 0.999077618
1305031107.343509 0.000989667 -0.046446588 0.037487246 -0.016509302 -0.015863543 -0.026830034 0.999377787
1305031107.375413 0.003094602 -0.039543163 0.024974354 -0.005196783 -0.011156726 -0.026557893 0.999571562
1305031107.411271 0.004018161 -0.041739538 0.016170323 0.001115857 -0.005848685 -0.027665507 0.999599576
1305031107.443419 0.007938768 -0.040569101 0.009480970 0.006579462 -0.001981133 -0.027516929 0.999597728
1305031107.475377 0.012685836 -0.040739223 0.005533190 0.009750230 0.001533307 -0.025463738 0.999627054
1305031107.511352 0.012654747 -0.035347443 0.001835982 0.012429146 0.005625658 -0.025295977 0.999586940
1305031107.543605 0.016967775 -0.034874093 0.002751978 0.010122789 0.007533651 -0.023298647 0.999648929
1305031107.575454 0.020168802 -0.040378276 0.004146795 0.008590684 0.009159097 -0.020330129 0.999714553
1305031107.611271 0.020490877 -0.031320408 0.004368643 0.011116482 0.011155834 -0.018774759 0.999699712
1305031107.643323 0.023061911 -0.033408586 0.005963005 0.006833108 0.011912188 -0.017543431 0.999751866
1305031107.675568 0.022422519 -0.032395527 0.008024579 0.005710544 0.012662070 -0.016873198 0.999761224
1305031107.711307 0.021615103 -0.026519891 0.011009818 0.005630378 0.012567328 -0.015654013 0.999782622
1305031107.743538 0.016532844 -0.021515103 0.011947737 0.003209214 0.012733558 -0.016035659 0.999785244
1305031107.775802 0.017665751 -0.022335280 0.015481359 0.000078124 0.009387107 -0.017145891 0.999808967
1305031107.811596 0.018857069 -0.020330342 0.017061368 -0.001897536 0.007362576 -0.016852858 0.999829173
1305031107.843332 0.020704458 -0.020289250 0.018085800 -0.004772370 0.006680577 -0.017769178 0.999808431
1305031107.875358 0.025862470 -0.023202280 0.021563787 -0.005963241 0.006874349 -0.021475486 0.999727964
1305031107.911541 0.029408220 -0.024561629 0.022813326 -0.005534897 0.009931221 -0.023503596 0.999659121
1305031107.943122 0.035671197 -0.025654389 0.025271844 -0.003976929 0.012708512 -0.024024067 0.999622703
1305031107.975807 0.041460261 -0.026463578 0.027848104 -0.001629049 0.016993972 -0.023913624 0.999568343
1305031108.011320 0.050155114 -0.024954438 0.031103132 0.002708081 0.021670021 -0.025958698 0.999424458
1305031108.043418 0.068242081 -0.023928214 0.031324141 0.005021013 0.025855033 -0.023734268 0.999371290
1305031108.075352 0.075951919 -0.025452891 0.037076376 0.005980971 0.035785269 -0.018396394 0.999172270
1305031108.111378 0.083974093 -0.028545482 0.040617637 0.007801122 0.042197604 -0.018270865 0.998911798
1305031108.143334 0.096792735 -0.022990562 0.044104427 0.011402743 0.045151658 -0.017599950 0.998760045
1305031108.176058 0.107056856 -0.016610920 0.046144843 0.011026821 0.048760522 -0.014354084 0.998646498
1305031108.211475 0.118617885 -0.019687910 0.051255513 0.005041636 0.049917027 -0.014964648 0.998628557
1305031108.243347 0.133637130 -0.026217232 0.056082744 0.002610176 0.052346468 -0.017570531 0.998471022
1305031108.275358 0.143815890 -0.018629806 0.059365481 0.004879438 0.057099845 -0.017205099 0.998208344
1305031108.311332 0.153275982 -0.014575430 0.060740814 0.001929600 0.058301128 -0.014938781 0.998185456
1305031108.343278 0.161410034 -0.012852582 0.065643944 -0.003611750 0.057451513 -0.013639798 0.998248637
1305031108.375410 0.170612335 -0.010756623 0.069325231 -0.008609318 0.054866794 -0.008585247 0.998419702
1305031108.411361 0.184097111 -0.011406215 0.072665684 -0.013996655 0.050581206 -0.002026143 0.998619795
1305031108.443610 0.200364605 -0.009666370 0.075012490 -0.018300129 0.047790952 0.004548342 0.998679340
1305031108.475471 0.215683296 -0.011562979 0.077092707 -0.021310816 0.046177026 0.012308420 0.998630106
1305031108.511378 0.231052786 -0.016719535 0.083252609 -0.022429543 0.048892021 0.015643563 0.998429716
1305031108.543737 0.248363420 -0.022826970 0.081504174 -0.019797159 0.054681070 0.014245821 0.998205960
1305031108.575414 0.254846513 -0.014362562 0.080258563 -0.013952229 0.061285343 0.012721512 0.997941732
1305031108.611407 0.273299068 -0.014526658 0.083207503 -0.014651713 0.065234937 0.012881472 0.997679234
1305031108.643303 0.282588273 -0.006957181 0.084259413 -0.012433793 0.070973486 0.015186314 0.997285068
1305031108.675375 0.296937495 -0.002855273 0.082073621 -0.014635566 0.075081371 0.017481817 0.996916771
1305031108.711411 0.309571892 -0.005618738 0.085985593 -0.019416591 0.082184672 0.023417285 0.996152759
1305031108.743502 0.314396054 -0.007607943 0.089125447 -0.021447869 0.088655658 0.024651842 0.995526254
1305031108.775493 0.321019769 -0.006795052 0.088764705 -0.022776570 0.092782393 0.026086908 0.995084047
1305031108.811244 0.329358876 -0.005276336 0.087774001 -0.023061696 0.094328500 0.032480378 0.994743884
1305031108.843264 0.330452442 -0.008001302 0.087090969 -0.022774767 0.095004424 0.038572185 0.994468629
1305031108.876515 0.329202354 -0.009177191 0.086185724 -0.021112630 0.093190774 0.044372175 0.994435012
1305031108.911364 0.326215237 -0.016402761 0.087303154 -0.020469807 0.091225646 0.048423499 0.994441569
1305031108.943243 0.321712673 -0.017138816 0.083945207 -0.015222452 0.088372447 0.049872842 0.994721711
1305031108.975268 0.319506705 -0.010920350 0.077048004 -0.009861235 0.081493050 0.047948111 0.995471120
1305031109.011269 0.322229803 -0.009036131 0.074902177 -0.009525644 0.076242737 0.047371343 0.995917857
1305031109.043277 0.312728196 -0.012849097 0.071524419 -0.009788055 0.076303966 0.044904020 0.996024907
1305031109.075410 0.301964372 -0.004076237 0.070476972 -0.008970343 0.074843556 0.038699649 0.996403694
1305031109.111282 0.296406686 -0.008781975 0.068354264 -0.014372662 0.072396770 0.036200069 0.996615171
1305031109.143334 0.276067138 -0.012771120 0.071732454 -0.016165972 0.073160075 0.032940470 0.996645033
1305031109.175464 0.266601235 -0.003484108 0.069911495 -0.013783152 0.065892160 0.029465117 0.997296393
1305031109.211379 0.261989713 0.012392764 0.069263831 -0.014148091 0.058510557 0.033420719 0.997626960
1305031109.243290 0.245337620 0.005076234 0.068780005 -0.025516490 0.057410054 0.036902178 0.997342110
1305031109.275308 0.229765475 -0.009282458 0.069917358 -0.031734928 0.054862626 0.041225888 0.997137606
1305031109.311329 0.214666188 -0.002358041 0.067586526 -0.026917193 0.046212763 0.042273059 0.997673690
1305031109.343248 0.196985111 0.000986866 0.066320248 -0.028980944 0.037423413 0.040728010 0.998048484
1305031109.375397 0.185723156 -0.004098174 0.065905236 -0.033354115 0.028783089 0.040342391 0.998214185
1305031109.411329 0.173958585 -0.003020453 0.065268397 -0.033869121 0.020940667 0.035190068 0.998587072
1305031109.443302 0.162187845 0.001622888 0.062513836 -0.036136046 0.015235638 0.030265652 0.998772323
1305031109.475363 0.148241118 -0.004169192 0.062468857 -0.040710416 0.013382005 0.026045771 0.998741806
1305031109.511273 0.134665057 -0.007427187 0.060779866 -0.041390680 0.011101111 0.022544445 0.998827040
1305031109.543294 0.126591846 -0.000554300 0.060464270 -0.036184475 0.007933852 0.022235399 0.999066234
1305031109.575362 0.107789420 0.004176128 0.057482831 -0.034235928 0.009631979 0.021887567 0.999127626
1305031109.611310 0.095571510 0.001744913 0.055676062 -0.035596196 0.007419455 0.019577954 0.999146938
1305031109.643229 0.084070541 0.002950668 0.049991146 -0.036165725 0.005894651 0.018581815 0.999155641
1305031109.675263 0.067567848 0.006985413 0.048710510 -0.037393555 0.006307883 0.020644208 0.999067426
1305031109.711312 0.053424802 0.008273682 0.046572179 -0.040125012 0.003416640 0.019740751 0.998993874
1305031109.743274 0.039054770 0.008006015 0.045825075 -0.044978097 0.000910611 0.018768448 0.998811305
1305031109.775277 0.027449181 0.007141490 0.047965482 -0.048367407 -0.000915799 0.019089257 0.998646796
1305031109.811371 0.013522066 0.011207260 0.048698582 -0.049522519 -0.001982409 0.018424435 0.998601139
1305031109.843296 0.000264662 0.011364429 0.050163954 -0.053165630 -0.004662381 0.017871685 0.998414874
1305031109.875306 -0.017532000 0.015178322 0.053782232 -0.055181026 -0.006610863 0.016669929 0.998315334
1305031109.911265 -0.031582132 0.011696900 0.055098791 -0.057380892 -0.012351488 0.011017615 0.998215139
1305031109.943299 -0.040959649 0.019264802 0.059486177 -0.057764646 -0.017099937 0.008112901 0.998150885
1305031109.975258 -0.055826981 0.017263584 0.062389310 -0.062751859 -0.018793570 0.002980074 0.997847795
1305031110.011256 -0.068332873 0.018358141 0.066403411 -0.065003820 -0.021751232 -0.004061564 0.997639716
1305031110.043299 -0.081604533 0.018913912 0.069239095 -0.067477837 -0.022494603 -0.010617637 0.997410715
1305031110.075319 -0.097220346 0.022036048 0.071312502 -0.068865396 -0.021507954 -0.016125200 0.997263730
1305031110.111325 -0.110122137 0.020182874 0.073298313 -0.074376404 -0.023320619 -0.020559004 0.996745586
1305031110.143432 -0.121043570 0.012846240 0.077747278 -0.078146763 -0.027791576 -0.023581067 0.996275425
1305031110.175641 -0.132340088 0.019389713 0.077209651 -0.078210793 -0.031361233 -0.024354786 0.996145844
1305031110.211637 -0.145572156 0.017067550 0.079683594 -0.082640417 -0.033910077 -0.026437927 0.995651424
1305031110.243323 -0.158785462 0.015962146 0.080111280 -0.083149113 -0.037026696 -0.026324900 0.995501041
1305031110.279321 -0.168343589 0.016097439 0.081269823 -0.081268772 -0.040995765 -0.027462339 0.995470047
1305031110.311404 -0.178967834 0.017673615 0.080976017 -0.078347072 -0.044676702 -0.028404050 0.995519519
1305031110.343355 -0.191759035 0.020908579 0.080674842 -0.076588944 -0.048937537 -0.029501766 0.995424032
1305031110.379281 -0.200022742 0.020457165 0.081741512 -0.076078750 -0.056003921 -0.032077782 0.995010912
1305031110.411469 -0.213499114 0.024112385 0.074814998 -0.075195864 -0.061033893 -0.035297032 0.994673133
1305031110.443260 -0.223870099 0.027029291 0.076702490 -0.079017624 -0.067652069 -0.039025519 0.993809044
1305031110.479331 -0.238125443 0.024653461 0.078424573 -0.082563996 -0.073824167 -0.045234039 0.992817760
1305031110.511429 -0.248831451 0.026104819 0.078902483 -0.082683429 -0.081727415 -0.047984615 0.992059290
1305031110.543408 -0.259867877 0.031507209 0.076072760 -0.083121091 -0.087652177 -0.051273204 0.991352141
1305031110.579426 -0.267724395 0.031114841 0.072613522 -0.088584736 -0.094388902 -0.055981312 0.990004838
1305031110.611307 -0.275863737 0.030266766 0.081140041 -0.092725337 -0.099065624 -0.059738263 0.988948643
1305031110.643418 -0.284997880 0.031781692 0.083110698 -0.090268083 -0.101073660 -0.062513612 0.988801241
1305031110.679606 -0.294990033 0.036013834 0.076892853 -0.089760289 -0.102020495 -0.064990580 0.988590539
1305031110.711412 -0.300468534 0.036057487 0.080491170 -0.092976294 -0.104408585 -0.066911034 0.987915576
1305031110.743249 -0.304840595 0.034344133 0.081780449 -0.093985803 -0.106640548 -0.067026302 0.987573743
1305031110.779193 -0.309745878 0.037638851 0.081384458 -0.093009740 -0.107710660 -0.068668269 0.987437248
1305031110.811386 -0.313117027 0.038969591 0.080078699 -0.093283474 -0.107825287 -0.071117550 0.987225533
1305031110.843218 -0.315991163 0.037951872 0.082455374 -0.095472693 -0.110008046 -0.071563073 0.986743093
1305031110.879313 -0.315501720 0.039622411 0.082831576 -0.094582677 -0.112174161 -0.072687447 0.986502767
1305031110.911333 -0.314800352 0.038622398 0.081177898 -0.095879205 -0.113387719 -0.073284850 0.986194611
1305031110.943862 -0.310164660 0.042253185 0.084277019 -0.094268583 -0.116134375 -0.074172556 0.985963821
1305031110.979345 -0.303342164 0.048907902 0.086505622 -0.092383333 -0.115390629 -0.075532600 0.986126363
1305031111.011431 -0.295572102 0.050788570 0.093053132 -0.092945270 -0.111429647 -0.075599097 0.986523986
1305031111.043327 -0.290578425 0.048606187 0.088966578 -0.092719361 -0.104952328 -0.072562769 0.987483025
1305031111.079283 -0.282721460 0.047919352 0.085967474 -0.095390126 -0.102310888 -0.070375226 0.987664223
1305031111.111508 -0.273202032 0.044678491 0.089300580 -0.097343944 -0.100511715 -0.067148365 0.987882972
1305031111.143257 -0.264965683 0.044026688 0.091945246 -0.095514216 -0.097797297 -0.066210426 0.988397121
1305031111.179326 -0.241395652 0.033642396 0.089002140 -0.096850462 -0.099596553 -0.065005518 0.988167405
1305031111.211433 -0.228722155 0.031102303 0.085460350 -0.095989563 -0.091638893 -0.061518170 0.989244103
1305031111.243236 -0.223009154 0.025725681 0.089167878 -0.097188272 -0.088020578 -0.059540533 0.989576578
1305031111.279308 -0.206212431 0.021603214 0.088879704 -0.093715526 -0.087966748 -0.058164179 0.989998102
1305031111.311547 -0.209610999 0.033553172 0.079935394 -0.085891545 -0.076339327 -0.056309618 0.991778374
1305031111.343397 -0.199163258 0.034807812 0.083704039 -0.089375496 -0.080111697 -0.055616383 0.991211891
1305031111.379134 -0.174825564 0.021089952 0.091163509 -0.093079366 -0.087611094 -0.049929794 0.990539014
1305031111.411296 -0.168095604 0.027642179 0.088934667 -0.085967794 -0.086934619 -0.049347572 0.991270244
1305031111.443386 -0.150456935 0.026580177 0.092414007 -0.086538106 -0.093856767 -0.054664180 0.990310073
1305031111.479259 -0.118950784 0.021799190 0.099237211 -0.084253848 -0.093825638 -0.053021338 0.990599215
1305031111.511264 -0.107685387 0.017479377 0.091688924 -0.081038959 -0.081631124 -0.053030744 0.991946042
1305031111.543250 -0.098075218 0.018926751 0.093666837 -0.075813137 -0.073205493 -0.052914470 0.993022382
1305031111.579237 -0.084352404 0.018477172 0.089362204 -0.073105857 -0.063585527 -0.045322552 0.994262755
1305031111.611271 -0.087067373 0.020975700 0.089551784 -0.072489202 -0.053685181 -0.041332196 0.995065272
1305031111.643395 -0.057223096 0.010857053 0.096320614 -0.072204575 -0.060720980 -0.031935941 0.995027423
1305031111.679320 -0.034567915 0.016253542 0.092746861 -0.065606333 -0.056144059 -0.024316011 0.995968103
1305031111.711760 -0.021073576 0.013091544 0.093980111 -0.066398926 -0.047841750 -0.022703573 0.996387005
1305031111.743386 0.004299272 0.011787741 0.098932922 -0.062669285 -0.041037247 -0.019189019 0.997005701
1305031111.779423 0.012491954 0.016580639 0.099020734 -0.057732105 -0.021200424 -0.016064921 0.997977674
1305031111.811406 0.022302754 0.009050199 0.094784938 -0.057194408 -0.004421150 -0.015220068 0.998237252
1305031111.843299 0.034606751 0.014388395 0.092079408 -0.051023066 0.005896421 -0.013944971 0.998582721
1305031111.879442 0.041459434 0.015729735 0.092845626 -0.051340919 0.013978323 -0.009792919 0.998535395
1305031111.911354 0.046889536 0.009672766 0.095396429 -0.052064739 0.015642403 -0.004093560 0.998512805
1305031111.943300 0.061790615 0.012304260 0.095837377 -0.049321614 0.011417952 0.005381527 0.998703241
1305031111.979449 0.085488908 0.014628670 0.096799247 -0.047562059 0.009704230 0.011830458 0.998751163
1305031112.011433 0.106789581 0.009625100 0.096967764 -0.047245938 0.014913519 0.011941085 0.998700619
1305031112.043270 0.120949872 0.008900388 0.092561528 -0.043640029 0.022846179 0.009552085 0.998740375
1305031112.079339 0.141121641 0.009602218 0.093198933 -0.041120067 0.031682596 0.009045175 0.998610795
1305031112.111423 0.138928041 0.009512728 0.094290107 -0.038529858 0.044565059 0.003927972 0.998255491
1305031112.144342 0.159354597 0.009699263 0.093296185 -0.038258221 0.047360584 -0.002020581 0.998142898
1305031112.179390 0.178545535 0.010900640 0.091218598 -0.039987389 0.057867989 -0.004899629 0.997511089
1305031112.211254 0.184375435 -0.005013297 0.094219878 -0.044841021 0.070171528 -0.012045044 0.996453822
1305031112.243369 0.195330024 -0.010235664 0.095585473 -0.040568031 0.080061495 -0.016892459 0.995820820
1305031112.279353 0.200681046 -0.007258658 0.096353084 -0.033798024 0.088173851 -0.019403620 0.995342433
1305031112.311312 0.214219332 -0.010815239 0.097710773 -0.028230317 0.088776127 -0.020406775 0.995442331
1305031112.343323 0.224789336 -0.006275684 0.098289311 -0.019474527 0.089152329 -0.018948350 0.995647371
1305031112.379360 0.239138573 -0.004244367 0.098137319 -0.014353014 0.086567231 -0.013769924 0.996047437
1305031112.411442 0.254471451 -0.001813294 0.094496660 -0.010781054 0.082514837 -0.009412649 0.996487141
1305031112.443391 0.268330365 -0.006431705 0.094982982 -0.009657651 0.080622479 -0.003151470 0.996693015
1305031112.479418 0.275565088 -0.005012936 0.092534542 -0.006041945 0.079887591 0.006221755 0.996766150
1305031112.511504 0.282099992 -0.006636042 0.094513655 -0.004510387 0.077383421 0.012990629 0.996906638
1305031112.543212 0.293385804 -0.007099629 0.095014505 -0.002018803 0.073477864 0.017490610 0.997141480
1305031112.579252 0.301994652 -0.006085238 0.093293749 0.000298819 0.070264652 0.022921406 0.997264981
1305031112.611261 0.323521614 -0.000193678 0.088819079 0.002258735 0.065974407 0.030418314 0.997355044
1305031112.643246 0.332915276 -0.000485733 0.088937268 -0.000806473 0.071775839 0.037429120 0.996717989
1305031112.679952 0.333773047 -0.000858244 0.094687365 -0.003191950 0.079333737 0.039837774 0.996046662
1305031112.711251 0.338218123 -0.000255287 0.089099139 -0.004977286 0.082766294 0.042049691 0.995669007
1305031112.743245 0.340500772 0.012252543 0.093950026 -0.006102281 0.086505391 0.045684028 0.995184720
1305031112.779310 0.339790165 0.007652892 0.096962504 -0.015023159 0.090966187 0.048813824 0.994543493
1305031112.811310 0.324137926 0.002927747 0.102603622 -0.018349469 0.095380962 0.046675175 0.994176686
1305031112.843286 0.320609927 0.012979912 0.102561131 -0.018090684 0.089945294 0.043699473 0.994823098
1305031112.879421 0.324900419 0.013744111 0.101415291 -0.021375969 0.084300347 0.047462974 0.995079815
1305031112.911411 0.312130630 0.010519938 0.102982447 -0.025495347 0.083912864 0.048314393 0.994974554
1305031112.943321 0.303662330 0.006177796 0.104380935 -0.028541977 0.079274818 0.047527529 0.995310009
1305031112.979278 0.298441321 0.006051313 0.103011116 -0.029204084 0.073173471 0.045055505 0.995872915
1305031113.011353 0.293410033 0.009281864 0.100501999 -0.029967401 0.069322184 0.044681154 0.996142626
1305031113.043231 0.283205450 0.006621015 0.101607382 -0.035551552 0.068633035 0.041658059 0.996137679
1305031113.079251 0.267409414 -0.002323485 0.103372999 -0.038313244 0.068513677 0.036993515 0.996227682
1305031113.111316 0.258087188 0.003836336 0.098672584 -0.033738028 0.062454335 0.032506414 0.996947646
1305031113.143306 0.249341980 0.009090964 0.094050035 -0.034738604 0.058818851 0.031049564 0.997180879
1305031113.179343 0.236760899 0.000858798 0.094476186 -0.039846424 0.057545662 0.032689955 0.997011602
1305031113.211259 0.217818290 0.000778994 0.091020785 -0.037623338 0.054224089 0.034276623 0.997230887
1305031113.243227 0.201883182 0.004935863 0.086953118 -0.038399983 0.048086364 0.034073681 0.997523010
1305031113.279312 0.190821335 -0.004082156 0.090111867 -0.043125603 0.042063393 0.036425825 0.997518957
1305031113.311452 0.174783319 -0.015487530 0.088844821 -0.042058609 0.035464153 0.040002983 0.997683883
1305031113.343252 0.157084107 0.001235222 0.088681780 -0.030690974 0.025354078 0.038221717 0.998476028
1305031113.379312 0.142453313 -0.000325264 0.086271122 -0.034881994 0.016428515 0.035764653 0.998616219
1305031113.411625 0.127620086 -0.008744358 0.086081482 -0.036134809 0.009131639 0.037585400 0.998598158
1305031113.443266 0.102969192 -0.000663483 0.084057689 -0.031409066 0.005083452 0.031752516 0.998989224
1305031113.479311 0.084684007 0.000567189 0.083334111 -0.034499831 -0.001387698 0.026090808 0.999063194
1305031113.511523 0.067717001 -0.005512109 0.084154613 -0.040623356 -0.006561939 0.023147283 0.998884857
1305031113.543242 0.053317737 -0.006674469 0.084082462 -0.042096425 -0.012911776 0.020294633 0.998824000
1305031113.579301 0.037243005 -0.002786138 0.084517844 -0.040886246 -0.017741617 0.015183813 0.998890936
1305031113.611268 0.027389407 -0.005185809 0.085001990 -0.044823300 -0.022538388 0.011410403 0.998675585
1305031113.643222 0.012570482 -0.001615873 0.088155471 -0.045843814 -0.022250952 0.007917251 0.998669386
1305031113.679288 -0.004677177 -0.004940865 0.086748898 -0.047860608 -0.020617209 0.004769729 0.998629868
1305031113.711931 -0.017461026 -0.005103588 0.087463170 -0.047862604 -0.020455841 -0.000227448 0.998644471
1305031113.743590 -0.029104974 -0.002667418 0.087264128 -0.046286825 -0.018384401 -0.005587041 0.998743415
1305031113.779320 -0.047131531 -0.005163266 0.086956874 -0.045790974 -0.014462998 -0.010240966 0.998793900
1305031113.811237 -0.059256200 -0.002005136 0.088046938 -0.044010833 -0.014027169 -0.012188309 0.998858213
1305031113.843295 -0.072150931 -0.000538296 0.088687569 -0.044574618 -0.012013429 -0.015380274 0.998815477
1305031113.879281 -0.090435684 -0.009072808 0.090032615 -0.045382880 -0.010374964 -0.020433189 0.998706818
1305031113.911290 -0.102450505 -0.001213144 0.090471923 -0.039854363 -0.011869451 -0.020818003 0.998918116
1305031113.943291 -0.111462548 -0.004192299 0.092065424 -0.038515702 -0.011127372 -0.022978077 0.998931825
1305031113.979293 -0.128632173 -0.003873266 0.092623577 -0.034957033 -0.008472758 -0.028714905 0.998940289
1305031114.011257 -0.148011804 0.000927203 0.089804716 -0.030233162 -0.005689933 -0.033519011 0.998964548
1305031114.043301 -0.166659385 0.001958216 0.092529476 -0.028530354 -0.007479083 -0.036518004 0.998897731
1305031114.079285 -0.183632329 0.000013244 0.091371588 -0.026980942 -0.012150114 -0.036296859 0.998902857
1305031114.111263 -0.195681602 0.004881676 0.091870889 -0.023519408 -0.018188970 -0.039306670 0.998784781
1305031114.143284 -0.206614196 0.005764656 0.093897380 -0.023326946 -0.024216279 -0.042247500 0.998541236
1305031114.179337 -0.216713130 0.002547392 0.097570479 -0.021417111 -0.027512679 -0.045550998 0.998353422
1305031114.211303 -0.229917571 0.011432325 0.095247731 -0.017561894 -0.027672853 -0.047530144 0.998331964
1305031114.243337 -0.246995494 0.007795058 0.094426662 -0.021172073 -0.029267102 -0.051323600 0.998028636
1305031114.279390 -0.258587718 0.006443664 0.091608927 -0.022083048 -0.035850532 -0.050614540 0.997830272
1305031114.311429 -0.270638376 0.009309128 0.094052717 -0.022596924 -0.044300102 -0.051098917 0.997454703
1305031114.343331 -0.276181072 0.009647667 0.100222796 -0.023332773 -0.052086305 -0.053909235 0.996913433
1305031114.379320 -0.285942048 0.008724515 0.103270866 -0.023380442 -0.053973392 -0.058177128 0.996571958
1305031114.411397 -0.297271252 0.007885336 0.102879293 -0.022653032 -0.055835810 -0.061693188 0.996274650
1305031114.443345 -0.309227824 0.008710043 0.100913994 -0.022969902 -0.060010899 -0.063144140 0.995933712
1305031114.479332 -0.324472725 0.008164573 0.099509977 -0.023497649 -0.065849081 -0.064229392 0.995482981
1305031114.511266 -0.331346899 0.011947617 0.102154240 -0.023050893 -0.074531741 -0.066841461 0.994708955
1305031114.543236 -0.333471388 0.011583104 0.108759254 -0.025863323 -0.080216594 -0.066114895 0.994246066
1305031114.579237 -0.340784878 0.011703229 0.110278666 -0.026995530 -0.079816721 -0.062742606 0.994466662
1305031114.611391 -0.342817545 0.014492871 0.112269193 -0.028637024 -0.081937902 -0.060648523 0.994378209
1305031114.644136 -0.353715241 0.012287555 0.109392613 -0.034381732 -0.082767680 -0.059839450 0.994176447
1305031114.679251 -0.357228130 0.008491398 0.112655431 -0.038010750 -0.089659058 -0.059993207 0.993437111
1305031114.711306 -0.359267414 0.007127062 0.115641259 -0.038853921 -0.094503142 -0.059539016 0.992982686
1305031114.743200 -0.360449165 0.005071367 0.116225928 -0.038283478 -0.097748630 -0.062809929 0.992489040
1305031114.779289 -0.359121382 0.008644766 0.116531543 -0.034771834 -0.099740364 -0.066362910 0.992188871
1305031114.811303 -0.358644903 0.010935814 0.113926411 -0.034607042 -0.099191807 -0.067087114 0.992200971
1305031114.843208 -0.356070548 0.010458557 0.114493422 -0.034608770 -0.100418866 -0.069240756 0.991929412
1305031114.879281 -0.351967454 0.013601761 0.114349782 -0.034349509 -0.101013765 -0.069336601 0.991871357
1305031114.912879 -0.348561764 0.017013306 0.113532133 -0.034638807 -0.101304643 -0.069971509 0.991787016
1305031114.943234 -0.339717686 0.021957792 0.115602255 -0.035736848 -0.102083050 -0.072085224 0.991516888
1305031114.979280 -0.334281772 0.022610832 0.115548536 -0.038185164 -0.099475563 -0.072824813 0.991636574
1305031115.011300 -0.326872259 0.029633043 0.113372505 -0.040065818 -0.098267950 -0.074628219 0.991548717
1305031115.043508 -0.314706594 0.026171722 0.121415228 -0.045131024 -0.097297072 -0.073744796 0.991492927
1305031115.079238 -0.305538177 0.030277671 0.121641383 -0.045564283 -0.093886197 -0.075397722 0.991677582
1305031115.111230 -0.289657027 0.030827839 0.126917794 -0.048629880 -0.091027290 -0.073233627 0.991960704
1305031115.143275 -0.274645478 0.031148518 0.131627679 -0.049373832 -0.083474316 -0.071581252 0.992708623
1305031115.179440 -0.267514050 0.025516059 0.129981950 -0.053553600 -0.078979276 -0.069303781 0.993021309
1305031115.211374 -0.243129522 0.016408466 0.134392291 -0.056567300 -0.081697777 -0.065576129 0.992887378
1305031115.243297 -0.228330597 0.014786348 0.139151454 -0.052147817 -0.076604806 -0.061535399 0.993793607
1305031115.279966 -0.212728530 0.022789774 0.136773556 -0.048644271 -0.074486412 -0.057605226 0.994367719
1305031115.311704 -0.189316422 0.014892279 0.147066116 -0.050837453 -0.072959222 -0.051972225 0.994681597
1305031115.343235 -0.173090324 0.016038166 0.143898204 -0.046874274 -0.063651867 -0.048293713 0.995700240
1305031115.379166 -0.166669041 0.025708009 0.145313844 -0.048758283 -0.058637708 -0.041323215 0.996231318
1305031115.411237 -0.152853280 0.019565370 0.150916249 -0.057127222 -0.064762741 -0.038665745 0.995513558
1305031115.443159 -0.127132580 0.019598316 0.156212762 -0.060608692 -0.070036717 -0.033039402 0.995153248
1305031115.479241 -0.115731508 0.023689026 0.159476757 -0.063003629 -0.067833371 -0.028800111 0.995288789
1305031115.511253 -0.080110990 0.019718351 0.164769113 -0.067257293 -0.072811663 -0.023549777 0.994796634
1305031115.543604 -0.054921888 0.016708722 0.167477295 -0.067731202 -0.062285263 -0.017630853 0.995601416
1305031115.579315 -0.042909238 0.015705761 0.167046756 -0.067103796 -0.048141163 -0.012286055 0.996508241
1305031115.611424 -0.028537244 0.013706568 0.166720450 -0.066884436 -0.040801998 -0.006884071 0.996902347
1305031115.643254 -0.013585361 0.013654190 0.168102115 -0.064883649 -0.033393905 -0.000073762 0.997333944
1305031115.679241 -0.004267468 0.012824886 0.166302353 -0.063527219 -0.027926285 0.011075078 0.997527838
1305031115.711320 0.020000067 0.018215714 0.167709097 -0.061169107 -0.030677037 0.020099528 0.997453451
1305031115.743250 0.045469455 0.012843661 0.165022552 -0.063347429 -0.026542034 0.026400702 0.997289181
1305031115.779425 0.057663504 0.013663028 0.164483026 -0.060482349 -0.015318763 0.032449573 0.997524142
1305031115.811277 0.076661140 0.016632440 0.162075236 -0.059758492 -0.006981801 0.040753189 0.997356236
1305031115.843224 0.091043882 0.013807262 0.161647573 -0.063196830 0.003551463 0.048570115 0.996812224
1305031115.879198 0.098201036 0.013194241 0.165026486 -0.061325364 0.011986199 0.055577688 0.996497214
1305031115.911118 0.117390819 0.017809860 0.164383829 -0.057974219 0.013252665 0.060361713 0.996403456
1305031115.943311 0.133037090 0.021502730 0.165405720 -0.057717301 0.019411145 0.066613384 0.995918989
1305031115.980740 0.148573324 0.024212401 0.168272495 -0.058919784 0.024086054 0.072511479 0.995334387
1305031116.011379 0.172612995 0.023095217 0.166856483 -0.062740467 0.029718744 0.076562390 0.994645000
1305031116.043164 0.184962943 0.026141649 0.168158531 -0.064846471 0.042805612 0.078485578 0.993882596
1305031116.080030 0.187330335 0.033745568 0.169969246 -0.066689193 0.056928299 0.081644341 0.992797077
1305031116.111300 0.198978335 0.033156909 0.172993526 -0.073879473 0.067401700 0.084841035 0.991363168
1305031116.143441 0.211378112 0.030139860 0.178053111 -0.079742298 0.074129306 0.087031610 0.990238130
1305031116.179572 0.215797290 0.034334131 0.179556102 -0.079870872 0.081910953 0.088989139 0.989440322
1305031116.211299 0.229749858 0.033018284 0.179484740 -0.085343279 0.086018115 0.093462110 0.988221765
1305031116.243320 0.247645602 0.025337540 0.182600200 -0.091660917 0.089436606 0.097001687 0.987010717
1305031116.279385 0.260347992 0.026390186 0.180107921 -0.091528594 0.097199716 0.100227945 0.985966146
1305031116.311336 0.263503462 0.031634632 0.183039963 -0.092378274 0.108221263 0.103068531 0.984444678
1305031116.343292 0.272763312 0.018729415 0.183426574 -0.098361485 0.113343589 0.106493719 0.982922852
1305031116.379384 0.272757769 0.018256269 0.183411300 -0.092612430 0.118851282 0.106426291 0.982838154
1305031116.411333 0.275957584 0.028246067 0.178452969 -0.084555231 0.119943820 0.110866696 0.982940793
1305031116.443369 0.272975653 0.031290937 0.175648600 -0.085466199 0.123915963 0.119764857 0.981323957
1305031116.479850 0.272377253 0.023676483 0.176260337 -0.088464662 0.125958830 0.123494290 0.980335414
1305031116.511205 0.271448702 0.023716651 0.171882987 -0.086187951 0.123931497 0.119845003 0.981249094
1305031116.543262 0.263140589 0.024680031 0.169302151 -0.083192922 0.125185609 0.115445144 0.981875718
1305031116.579313 0.248845279 0.029204644 0.166871741 -0.081018284 0.125152841 0.112115547 0.982447445
1305031116.611261 0.236079186 0.022899922 0.165756375 -0.082882538 0.120699063 0.105478697 0.983583510
1305031116.643355 0.226963192 0.019655850 0.163104877 -0.083090499 0.110505790 0.095686227 0.985762954
1305031116.679281 0.210097879 0.026610706 0.164269358 -0.079192020 0.105544738 0.087454185 0.987390876
1305031116.711634 0.195291847 0.027032346 0.162483037 -0.078692116 0.101863742 0.078054428 0.988604486
1305031116.743291 0.176928639 0.031950485 0.161227882 -0.077749148 0.098446667 0.067010656 0.989834785
1305031116.779298 0.166246861 0.028915152 0.160497472 -0.081974685 0.091843538 0.056549642 0.990781069
1305031116.811318 0.143919408 0.025891609 0.160052776 -0.082288004 0.091096833 0.048610810 0.991245210
1305031116.846089 0.127314001 0.026921200 0.158609509 -0.080097519 0.081940055 0.041434482 0.992549002
1305031116.880165 0.105234526 0.031629905 0.157976523 -0.079228565 0.073306650 0.034900177 0.993544698
1305031116.912044 0.088914312 0.024548123 0.153284609 -0.082095616 0.061412357 0.031457420 0.994233012
1305031116.943296 0.076851703 0.029527355 0.156640708 -0.082072832 0.045088891 0.024396718 0.995306969
1305031116.979351 0.049298245 0.032347172 0.151718646 -0.079618797 0.037297498 0.012652846 0.996047020
1305031117.011382 0.027851135 0.035871234 0.149843767 -0.076758981 0.027355587 0.003002242 0.996669888
1305031117.043261 0.011386610 0.044026971 0.148246780 -0.074713878 0.017186854 -0.000749607 0.997056603
1305031117.079520 0.000192896 0.044074457 0.145240486 -0.077490635 0.005751960 -0.006853178 0.996953011
1305031117.111238 -0.016119305 0.039954711 0.142930642 -0.081994072 -0.004503394 -0.007605511 0.996593654
1305031117.143218 -0.028224293 0.045958057 0.136760697 -0.082605600 -0.014128991 -0.007997926 0.996450067
1305031117.179264 -0.035019714 0.046727888 0.138144657 -0.085832953 -0.024471972 -0.013068059 0.995923221
1305031117.211361 -0.035582185 0.050433628 0.144278586 -0.086625472 -0.034293603 -0.015900891 0.995523572
1305031117.243277 -0.035611611 0.057986591 0.145773888 -0.087631159 -0.038340431 -0.018167423 0.995249152
1305031117.279299 -0.033772659 0.053815328 0.147204056 -0.093960918 -0.039534718 -0.021611560 0.994555831
1305031117.311200 -0.037997056 0.046660576 0.147924736 -0.100220412 -0.037294477 -0.022745214 0.994005859
1305031117.343243 -0.040830400 0.044518054 0.149435133 -0.101517506 -0.037233591 -0.024107091 0.993844450
1305031117.379454 -0.041176390 0.037915621 0.150210753 -0.102475516 -0.037668508 -0.023657102 0.993740559
1305031117.411221 -0.044200540 0.034253217 0.150955409 -0.100902922 -0.038526304 -0.023380730 0.993875086
1305031117.443274 -0.042250421 0.030344339 0.150279507 -0.098332413 -0.040929001 -0.021724561 0.994074285
1305031117.479403 -0.042668536 0.022606105 0.149088874 -0.097666346 -0.041758079 -0.019884758 0.994143963
1305031117.511325 -0.045476269 0.014753617 0.148629114 -0.094874479 -0.042216383 -0.018710464 0.994417727
1305031117.544285 -0.045791708 0.010263955 0.149482340 -0.089690864 -0.043333448 -0.018188003 0.994860291
1305031117.579155 -0.047354959 0.006097725 0.149253324 -0.086027727 -0.044709481 -0.019775037 0.995092630
1305031117.611159 -0.047303509 0.000998905 0.151360348 -0.084360704 -0.046836931 -0.019284608 0.995147109
1305031117.643252 -0.050468918 -0.007100786 0.154990345 -0.082888588 -0.048055224 -0.018323697 0.995230854
1305031117.679262 -0.054199692 -0.012359162 0.155506477 -0.081896074 -0.049523778 -0.018002268 0.995246947
1305031117.711184 -0.051999576 -0.022537341 0.160559997 -0.083380453 -0.053028390 -0.015328256 0.994987845
1305031117.743184 -0.053527575 -0.032822434 0.164376646 -0.083794385 -0.054766923 -0.012467221 0.994898856
1305031117.779467 -0.052246150 -0.039005533 0.168091178 -0.083158128 -0.057919603 -0.010057999 0.994800985
1305031117.811320 -0.050228216 -0.052436538 0.173635244 -0.085603692 -0.060662400 -0.007949573 0.994449079
1305031117.843291 -0.045286980 -0.062607117 0.178310111 -0.083610229 -0.062047102 -0.006495783 0.994543850
1305031117.879451 -0.046091102 -0.070685729 0.181734920 -0.082168289 -0.058713131 -0.006509001 0.994866252
1305031117.911407 -0.047156215 -0.083049208 0.188207671 -0.082536645 -0.057077352 -0.007032684 0.994927347
1305031117.943253 -0.047759026 -0.091638543 0.191929415 -0.081503592 -0.054910947 -0.007292853 0.995132565
1305031117.979228 -0.051237017 -0.099222504 0.196176261 -0.082819864 -0.052144282 -0.007718326 0.995169461
1305031118.011228 -0.051633753 -0.114197113 0.203814581 -0.085994437 -0.052154217 -0.008547875 0.994892895
1305031118.043521 -0.050787564 -0.119629689 0.207964346 -0.083476417 -0.051033583 -0.007786477 0.995171666
1305031118.079334 -0.048639148 -0.127998933 0.213261366 -0.083281577 -0.050750207 -0.008771351 0.995194316
1305031118.111217 -0.045043599 -0.141093045 0.219819367 -0.084046543 -0.047852807 -0.010361491 0.995258272
1305031118.143256 -0.049667351 -0.149028197 0.222682506 -0.081742838 -0.041925389 -0.012417295 0.995693862
1305031118.179323 -0.050247688 -0.160826281 0.228029788 -0.082043469 -0.038885150 -0.013981178 0.995771766
1305031118.211202 -0.052570470 -0.173033014 0.232238144 -0.079859458 -0.035860971 -0.012210660 0.996086061
1305031118.243173 -0.055503741 -0.180925474 0.234748691 -0.076404192 -0.036104206 -0.012160984 0.996348858
1305031118.279194 -0.053179309 -0.194417983 0.240415707 -0.074167468 -0.037350722 -0.012624566 0.996466160
1305031118.311299 -0.053313136 -0.201370418 0.242343619 -0.066950388 -0.037583716 -0.012595010 0.996968687
1305031118.343324 -0.051669635 -0.204243541 0.246101126 -0.060790978 -0.037203472 -0.013951556 0.997359395
1305031118.379208 -0.054927252 -0.213014543 0.248110637 -0.057517808 -0.034641188 -0.014927125 0.997631669
1305031118.411296 -0.055606242 -0.216590688 0.248232886 -0.054606661 -0.036275893 -0.014650742 0.997741282
1305031118.445692 -0.055178035 -0.216867313 0.251320541 -0.052827131 -0.036465056 -0.012866936 0.997854769
1305031118.479285 -0.052652638 -0.221417338 0.254062176 -0.053321667 -0.038002580 -0.009597440 0.997807860
1305031118.511255 -0.053870052 -0.216825306 0.253547549 -0.049359951 -0.037348315 -0.009680175 0.998035610
1305031118.544414 -0.053563736 -0.212523073 0.254003495 -0.050189141 -0.036778610 -0.010492313 0.998007178
1305031118.579285 -0.051464777 -0.211955592 0.255172670 -0.052979510 -0.036287121 -0.010666258 0.997879148
1305031118.616142 -0.049906116 -0.207184702 0.254255265 -0.053299900 -0.034505438 -0.012509851 0.997903883
1305031118.645325 -0.052844264 -0.198285490 0.251093388 -0.053384535 -0.031221045 -0.015870959 0.997959673
1305031118.679295 -0.052885160 -0.189743400 0.249201342 -0.055674873 -0.030152291 -0.017528532 0.997839689
1305031118.711421 -0.053940758 -0.185559496 0.248243466 -0.057070669 -0.030409265 -0.020198414 0.997702479
1305031118.746770 -0.058266278 -0.176010087 0.241284966 -0.054806441 -0.031095091 -0.019341698 0.997825325
1305031118.779277 -0.058037348 -0.155875877 0.235747471 -0.053820264 -0.035242803 -0.020680731 0.997714221
1305031118.811221 -0.052018203 -0.155381650 0.237635344 -0.060885970 -0.039442964 -0.020834072 0.997147501
1305031118.846753 -0.049412530 -0.145725653 0.231312633 -0.056766007 -0.039522342 -0.019735461 0.997409761
1305031118.879208 -0.051779985 -0.121612817 0.219507396 -0.051655125 -0.035983291 -0.022316923 0.997767031
1305031118.911177 -0.050573390 -0.117251940 0.217873305 -0.056118201 -0.035521884 -0.024861036 0.997482300
1305031118.946974 -0.050636832 -0.104305528 0.210528746 -0.054517888 -0.034054458 -0.026949430 0.997567952
1305031118.979374 -0.054367363 -0.088989094 0.201194555 -0.054480787 -0.031805936 -0.031232620 0.997519314
1305031119.011363 -0.054089874 -0.076808996 0.195955962 -0.057765841 -0.032545473 -0.032750834 0.997261941
1305031119.047172 -0.056342091 -0.067526571 0.189991385 -0.059842519 -0.032484900 -0.033336662 0.997122049
1305031119.079223 -0.057122439 -0.056284618 0.183735982 -0.060181838 -0.034831643 -0.032431088 0.997052252
1305031119.111328 -0.055944521 -0.044906583 0.178243369 -0.059813015 -0.039119113 -0.031615209 0.996941626
1305031119.147616 -0.060793765 -0.033754006 0.169995353 -0.060003944 -0.040947106 -0.030754056 0.996883690
1305031119.179226 -0.056345273 -0.030324625 0.166309610 -0.062431015 -0.046881188 -0.029700223 0.996505082
1305031119.211364 -0.056582384 -0.019428711 0.159249157 -0.059649881 -0.048498094 -0.028708655 0.996627152
1305031119.247399 -0.057329372 -0.007369163 0.153521270 -0.058111239 -0.049606219 -0.028177626 0.996678650
1305031119.279212 -0.055729255 0.004590829 0.147901863 -0.057032000 -0.051022973 -0.028562106 0.996658564
1305031119.311212 -0.055757381 0.012711616 0.143751681 -0.057806402 -0.051565062 -0.025680335 0.996664464
1305031119.347741 -0.057896577 0.019919381 0.139009446 -0.057452347 -0.052564677 -0.023560666 0.996685147
1305031119.379239 -0.057115633 0.036257066 0.134890094 -0.054557912 -0.055034388 -0.023086652 0.996725440
1305031119.411484 -0.053869709 0.045272633 0.130702272 -0.055587906 -0.055716950 -0.022740003 0.996638596
1305031119.447706 -0.052507162 0.052119665 0.127258211 -0.057258848 -0.053644981 -0.022100510 0.996672094
1305031119.479267 -0.055632655 0.066390149 0.123193122 -0.054042965 -0.050439853 -0.022986459 0.996998906
1305031119.511240 -0.057372615 0.075308770 0.118289575 -0.056289200 -0.048886422 -0.021969257 0.996974885
1305031119.547382 -0.057986941 0.088113315 0.114598617 -0.056646854 -0.048579074 -0.020922642 0.996992230
1305031119.579559 -0.054964244 0.104225390 0.111009963 -0.056925531 -0.048481446 -0.020741256 0.996984899
1305031119.615017 -0.054466709 0.110060565 0.111464225 -0.062376246 -0.047259968 -0.019123981 0.996749759
1305031119.647903 -0.058248855 0.126767173 0.107071474 -0.062683567 -0.045150906 -0.019003052 0.996830523
1305031119.679208 -0.053623322 0.135888234 0.104704931 -0.067665875 -0.044647753 -0.020536354 0.996496975
1305031119.715232 -0.054890260 0.146318763 0.104786716 -0.073258936 -0.039876163 -0.018018434 0.996352553
1305031119.747193 -0.060886674 0.151945591 0.103394210 -0.078274272 -0.036417168 -0.013373487 0.996176779
1305031119.779169 -0.061200686 0.163349628 0.102988496 -0.080194511 -0.038129300 -0.010648430 0.995992839
1305031119.814537 -0.059478588 0.173552737 0.102022693 -0.081999421 -0.039736290 -0.007056783 0.995814919
1305031119.847429 -0.058166031 0.182048157 0.100104474 -0.084847793 -0.039037757 -0.003041653 0.995624244
1305031119.879214 -0.059607375 0.188033238 0.097974323 -0.085321270 -0.036388826 -0.003799408 0.995681524
1305031119.911401 -0.061662234 0.202231765 0.091869257 -0.083313987 -0.033687782 -0.002244054 0.995951295
1305031119.947392 -0.060933374 0.207558036 0.091486044 -0.088785216 -0.032385021 -0.002839656 0.995520115
1305031119.979537 -0.062042639 0.212151110 0.090160072 -0.091478512 -0.028583126 -0.004404294 0.995387018
1305031120.015264 -0.064757474 0.223783821 0.085652441 -0.094420381 -0.024197862 -0.001804420 0.995236695
1305031120.047290 -0.064218931 0.223075017 0.090025038 -0.102731109 -0.024682019 -0.000435385 0.994402766
1305031120.079418 -0.066299319 0.223568678 0.089720555 -0.104502819 -0.026193108 0.001571245 0.994178355
1305031120.115232 -0.066467427 0.229695916 0.088921987 -0.103992112 -0.028436674 0.003596490 0.994165003
1305031120.148157 -0.065410681 0.226780817 0.089109421 -0.105991587 -0.029285016 0.003263019 0.993930399
1305031120.179246 -0.064754918 0.220240951 0.090326697 -0.106597669 -0.028718127 0.006176520 0.993868232
1305031120.215249 -0.063421726 0.209282517 0.091585584 -0.105653733 -0.029507324 0.006246775 0.993945539
1305031120.248003 -0.066201635 0.211677670 0.092071056 -0.098208219 -0.028125212 0.003893076 0.994760811
1305031120.279430 -0.063256711 0.201275557 0.093204156 -0.097114697 -0.028464934 0.001623717 0.994864762
1305031120.315196 -0.062947690 0.191630930 0.096412696 -0.095526665 -0.028241595 -0.000590845 0.995025992
1305031120.347787 -0.060998864 0.184151679 0.098841630 -0.091857687 -0.028788527 -0.001939409 0.995354056
1305031120.379437 -0.062270463 0.174105942 0.101984359 -0.090510510 -0.028438309 -0.002860524 0.995485365
1305031120.415445 -0.059885662 0.152156815 0.107189082 -0.089526005 -0.029736554 -0.002909794 0.995536268
1305031120.447417 -0.058776643 0.150469393 0.109340332 -0.079631284 -0.030837558 -0.002064946 0.996345222
1305031120.479432 -0.057333153 0.136053547 0.114996649 -0.078553922 -0.032213792 -0.001651773 0.996387899
1305031120.514819 -0.059846532 0.124815919 0.119910076 -0.072090380 -0.032975204 0.000369471 0.996852875
1305031120.547736 -0.062204544 0.118155211 0.123788774 -0.064247422 -0.035191074 0.001711900 0.997311890
1305031120.579551 -0.060947184 0.108671099 0.128185123 -0.061600309 -0.039780896 0.005578849 0.997292221
1305031120.615236 -0.059365079 0.098523647 0.134501532 -0.058313984 -0.044680811 0.008278259 0.997263551
1305031120.647354 -0.057281628 0.090753466 0.137535244 -0.052773848 -0.048137665 0.008578932 0.997408748
1305031120.679318 -0.057812955 0.085223563 0.142259628 -0.049088296 -0.049167167 0.009162329 0.997541487
1305031120.714522 -0.055493113 0.075154379 0.147255361 -0.047525443 -0.050699573 0.010368122 0.997528672
1305031120.747369 -0.056210369 0.064165637 0.150943458 -0.047297586 -0.052797988 0.010549268 0.997428775
1305031120.779894 -0.052339036 0.051742863 0.156691894 -0.046176586 -0.056292553 0.010929440 0.997286081
1305031120.814944 -0.053338595 0.045618195 0.157734528 -0.042653721 -0.055967301 0.010245688 0.997468531
1305031120.847921 -0.052605148 0.036180228 0.162110597 -0.043415342 -0.057161320 0.008422012 0.997384965
1305031120.883435 -0.050043900 0.024155281 0.166408211 -0.041916650 -0.057403598 0.006807647 0.997447550
1305031120.915444 -0.052076504 0.019404309 0.168100744 -0.039089952 -0.055280350 0.004701524 0.997694314
1305031120.947488 -0.051828142 0.008384372 0.171550095 -0.039967690 -0.055231433 0.002903675 0.997669101
1305031120.983366 -0.053608205 -0.001145389 0.174889535 -0.039332885 -0.054666996 0.000454031 0.997729599
1305031121.015019 -0.053442691 -0.011596633 0.178247064 -0.038198277 -0.055528287 -0.000591625 0.997725964
1305031121.047498 -0.055001404 -0.016867274 0.179441735 -0.036338363 -0.054734401 -0.001916255 0.997837722
1305031121.083099 -0.056109529 -0.033048272 0.182770804 -0.037446592 -0.055983808 -0.003195736 0.997724116
1305031121.114696 -0.054994673 -0.040668730 0.183938056 -0.034738090 -0.057695821 -0.002388956 0.997726798
1305031121.147331 -0.056754969 -0.048199285 0.184678599 -0.032325912 -0.057648432 -0.003405204 0.997807682
1305031121.183271 -0.058089726 -0.058168288 0.186647102 -0.030764895 -0.058630086 -0.004181516 0.997796893
1305031121.211420 -0.051098637 -0.067864440 0.191902250 -0.028485894 -0.060814764 -0.002998108 0.997738004
1305031121.247194 -0.054249547 -0.075372897 0.193044037 -0.026419362 -0.058436662 -0.003244927 0.997936249
1305031121.282876 -0.053381134 -0.087207429 0.197696760 -0.027495598 -0.060555685 -0.002032387 0.997784019
1305031121.313568 -0.052348908 -0.098440662 0.200659171 -0.024986051 -0.060964186 -0.001576502 0.997825980
1305031121.347517 -0.056257308 -0.106339782 0.200855479 -0.022891665 -0.060657784 -0.000323518 0.997896075
1305031121.383226 -0.051503506 -0.119838387 0.207365051 -0.022848604 -0.063814521 0.000993092 0.997699738
1305031121.414318 -0.051326755 -0.128147274 0.209808603 -0.018255180 -0.063000083 -0.000509539 0.997846484
1305031121.447319 -0.053177364 -0.135715395 0.212100834 -0.016729243 -0.062005434 0.000007280 0.997935653
1305031121.482964 -0.052336406 -0.149092317 0.215941489 -0.015796799 -0.060030196 0.000627304 0.998071432
1305031121.514107 -0.055708278 -0.154695198 0.214261726 -0.012181222 -0.057242930 0.002126564 0.998283744
1305031121.547270 -0.057747625 -0.159918875 0.217097670 -0.012444274 -0.056664787 0.001252963 0.998314977
1305031121.583204 -0.055283584 -0.172326773 0.222415030 -0.014967890 -0.056143001 0.001084122 0.998310030
1305031121.614700 -0.055695474 -0.182323039 0.225634873 -0.014508002 -0.054282337 -0.000114985 0.998420238
1305031121.647183 -0.054933798 -0.186922505 0.227302641 -0.013105212 -0.050284956 -0.002526140 0.998645782
1305031121.683200 -0.058234178 -0.193549931 0.228913128 -0.014993367 -0.045812398 -0.004132992 0.998829007
1305031121.714520 -0.060843278 -0.203031674 0.231155619 -0.016631383 -0.044319965 -0.002424923 0.998876035
1305031121.747145 -0.060895897 -0.208286852 0.234574452 -0.018405965 -0.044386752 -0.002297784 0.998842299
1305031121.782835 -0.062232342 -0.214866474 0.237068474 -0.019882614 -0.043217614 -0.000827007 0.998867512
1305031121.811540 -0.058290925 -0.218494639 0.241170838 -0.021120595 -0.043524310 0.001504906 0.998828053
1305031121.847335 -0.060132038 -0.221995667 0.241307467 -0.023080844 -0.041068096 0.004294264 0.998880565
1305031121.882060 -0.059939072 -0.225164726 0.243447930 -0.025846381 -0.041067477 0.010848484 0.998763144
1305031121.914931 -0.059603814 -0.226768330 0.241379023 -0.027779922 -0.042742059 0.013070733 0.998614311
1305031121.947288 -0.057417769 -0.227696419 0.243146986 -0.028112046 -0.045564044 0.012396952 0.998488903
1305031121.982926 -0.057899091 -0.220447004 0.242664561 -0.026464622 -0.044820763 0.011939485 0.998573065
1305031122.014256 -0.060960300 -0.218902349 0.239750519 -0.027710481 -0.043749481 0.009528907 0.998612761
1305031122.047306 -0.059433579 -0.213809699 0.237925664 -0.026542934 -0.045651224 0.005834517 0.998587728
1305031122.082959 -0.058527123 -0.205973640 0.236166820 -0.025357692 -0.046448965 0.002424025 0.998595893
1305031122.114672 -0.059764683 -0.195062101 0.229806647 -0.023185123 -0.045956612 -0.001635000 0.998673022
1305031122.150725 -0.058854673 -0.186409548 0.229520187 -0.023889000 -0.046779688 -0.006490006 0.998598456
1305031122.183042 -0.058501370 -0.174631342 0.225761056 -0.021440728 -0.045795139 -0.011735016 0.998651862
1305031122.214959 -0.060336087 -0.152284473 0.217456520 -0.021068396 -0.043442562 -0.017332515 0.998683393
1305031122.251319 -0.060321745 -0.146382123 0.216855511 -0.027760679 -0.043017883 -0.019874601 0.998490810
1305031122.283560 -0.062847838 -0.132480741 0.210875466 -0.027562313 -0.043127004 -0.021614702 0.998455465
1305031122.314289 -0.066119820 -0.109925903 0.204489976 -0.030263795 -0.044587318 -0.026871020 0.998185396
1305031122.351327 -0.064808510 -0.105876833 0.202140614 -0.038883492 -0.047564361 -0.029005228 0.997689545
1305031122.382630 -0.069637962 -0.089631110 0.196325615 -0.041512717 -0.048235495 -0.030175056 0.997516692
1305031122.414997 -0.068239354 -0.086904772 0.192527577 -0.048077501 -0.053264488 -0.030726366 0.996949017
1305031122.451257 -0.071063854 -0.070741005 0.184892818 -0.048020948 -0.056772582 -0.028611889 0.996821046
1305031122.483360 -0.070624359 -0.059053518 0.181126907 -0.050694540 -0.062225271 -0.028118685 0.996377170
1305031122.515097 -0.068628356 -0.048233792 0.174764916 -0.051749747 -0.066519424 -0.029486999 0.996005893
1305031122.551490 -0.065673240 -0.038204934 0.169079334 -0.053567022 -0.068228826 -0.031459127 0.995733798
1305031122.583208 -0.066339664 -0.027768340 0.164971292 -0.054765262 -0.066773310 -0.032813717 0.995723605
1305031122.614980 -0.068622239 -0.021878973 0.161002055 -0.056440841 -0.066464350 -0.032611761 0.995657265
1305031122.648788 -0.068872131 -0.008914012 0.157257304 -0.054383826 -0.068491228 -0.030980393 0.995686471
1305031122.683402 -0.070830189 0.002063338 0.150651470 -0.053721890 -0.068814442 -0.029693868 0.995739341
1305031122.715208 -0.072756447 0.013638698 0.146642148 -0.052952632 -0.070994020 -0.027038330 0.995703220
1305031122.751298 -0.070568502 0.028267473 0.141803846 -0.051627588 -0.074138016 -0.026621472 0.995554864
1305031122.783423 -0.068757460 0.041728094 0.136542529 -0.054365192 -0.075123467 -0.026890652 0.995328009
1305031122.812555 -0.066513985 0.047044985 0.136139452 -0.060783766 -0.074979432 -0.028135546 0.994933128
1305031122.851418 -0.059972301 0.058166206 0.134862721 -0.062047437 -0.073401362 -0.029483682 0.994933665
1305031122.883754 -0.064150602 0.070025705 0.130683139 -0.064145409 -0.065528236 -0.029345278 0.995354414
1305031122.914571 -0.070815198 0.074230693 0.128366873 -0.068786427 -0.060634881 -0.029149152 0.995360374
1305031122.951341 -0.070118472 0.079862498 0.126566097 -0.070802845 -0.060216162 -0.027476614 0.995291948
1305031122.982815 -0.072746679 0.091793902 0.123313919 -0.071232967 -0.059631605 -0.024186552 0.995381832
1305031123.015450 -0.071880087 0.096766226 0.120947964 -0.074315801 -0.060969673 -0.021553548 0.995135844
1305031123.051827 -0.070933245 0.103249043 0.118248694 -0.073750123 -0.060711540 -0.020483911 0.995216310
1305031123.082975 -0.071085975 0.116606213 0.114525206 -0.071943402 -0.059737653 -0.017456751 0.995465159
1305031123.113873 -0.069308639 0.124452062 0.112386882 -0.075720608 -0.059432253 -0.014924514 0.995244503
1305031123.150822 -0.070861936 0.134326085 0.110921085 -0.077764772 -0.058081456 -0.014677278 0.995170236
1305031123.182155 -0.066384293 0.147888452 0.109694257 -0.078402497 -0.058150169 -0.014565099 0.995117843
1305031123.214704 -0.067245521 0.158757120 0.107827492 -0.082229257 -0.052746922 -0.015757142 0.995091915
1305031123.250618 -0.070195153 0.176293507 0.104668148 -0.084991314 -0.047409870 -0.016627803 0.995114267
1305031123.282347 -0.068278335 0.182204783 0.106489561 -0.094947137 -0.045222238 -0.014170468 0.994353712
1305031123.311327 -0.065045014 0.189744040 0.107018396 -0.100496650 -0.042626202 -0.013718877 0.993929267
1305031123.350481 -0.065876409 0.196097627 0.105659015 -0.106559761 -0.037685547 -0.013621858 0.993498504
1305031123.382255 -0.064134002 0.205507770 0.104962923 -0.111231342 -0.033248924 -0.009417753 0.993193567
1305031123.411363 -0.062752098 0.216293842 0.105961628 -0.112275831 -0.029144144 -0.007234472 0.993223310
1305031123.451255 -0.060454614 0.220595524 0.104253627 -0.116529971 -0.027822323 -0.004858843 0.992785573
1305031123.483594 -0.060345843 0.230827481 0.102785870 -0.119782202 -0.025679041 -0.000698200 0.992467821
1305031123.511360 -0.059874058 0.240404397 0.102191702 -0.121281445 -0.023948073 0.002386620 0.992326379
1305031123.551513 -0.056180380 0.247752428 0.102556653 -0.123134144 -0.025963355 0.004357694 0.992040813
1305031123.579583 -0.054936986 0.257803053 0.101240270 -0.123459257 -0.025704198 0.006983240 0.991992176
1305031123.611335 -0.053797267 0.263642609 0.097967632 -0.125855476 -0.024207400 0.007937626 0.991721451
1305031123.652411 -0.053830851 0.271980017 0.096851565 -0.128911689 -0.021600606 0.007844565 0.991389811
1305031123.683753 -0.052908313 0.278588653 0.096095726 -0.132868275 -0.017968763 0.008774821 0.990931988
1305031123.711323 -0.050435789 0.286641806 0.095167711 -0.136262670 -0.015201490 0.010238077 0.990503252
1305031123.751723 -0.046425898 0.293456405 0.093569890 -0.137255326 -0.015300781 0.013344539 0.990327656
1305031123.783858 -0.045952231 0.299614191 0.092733398 -0.137139916 -0.015837437 0.014904996 0.990312934
1305031123.811608 -0.046444450 0.300761044 0.090764321 -0.138147473 -0.015590688 0.015993675 0.990159810
1305031123.851444 -0.045506757 0.301893651 0.091812775 -0.139044106 -0.016337361 0.018183477 0.989984453
1305031123.883786 -0.045711435 0.304910839 0.091279991 -0.136044875 -0.017618487 0.018885883 0.990365982
1305031123.911243 -0.047105514 0.300664783 0.091959029 -0.134207085 -0.018101577 0.018202282 0.990620792
1305031123.951442 -0.045351606 0.292391837 0.092575021 -0.138188079 -0.019662905 0.019703070 0.990014732
1305031123.983415 -0.048941128 0.303457975 0.092701890 -0.130994752 -0.020676468 0.022630077 0.990909100
1305031124.011302 -0.045743536 0.298542410 0.095137373 -0.125277624 -0.026094766 0.020702869 0.991562426
1305031124.051505 -0.045068000 0.284909576 0.096590847 -0.126064017 -0.029428417 0.021997228 0.991341472
1305031124.083837 -0.044809401 0.283660799 0.099495851 -0.122049302 -0.032441545 0.021912506 0.991751730
1305031124.111331 -0.048439138 0.277437150 0.102000989 -0.114108212 -0.033417687 0.020598317 0.992692471
1305031124.147446 -0.051853377 0.259118229 0.105770946 -0.115354232 -0.033157814 0.018602524 0.992596507
1305031124.182694 -0.051652558 0.255784392 0.108196504 -0.111594021 -0.034442265 0.017229425 0.993007421
1305031124.211396 -0.048481956 0.249017805 0.112133838 -0.103302382 -0.037011273 0.014327158 0.993857980
1305031124.249327 -0.045525514 0.239453614 0.110996291 -0.099304207 -0.039998092 0.015160183 0.994137347
1305031124.282545 -0.052466892 0.218997017 0.114892058 -0.105835021 -0.041045208 0.014082516 0.993436396
1305031124.311361 -0.051373113 0.192277119 0.120924495 -0.110704266 -0.045270219 0.014504212 0.992715895
1305031124.350354 -0.052076634 0.188116208 0.122108087 -0.103120498 -0.048258599 0.013304822 0.993408442
1305031124.382420 -0.047621612 0.176143438 0.125402719 -0.100839578 -0.052364666 0.013008651 0.993438542
1305031124.411439 -0.048860870 0.160555378 0.127810076 -0.097544961 -0.053207874 0.011471409 0.993741632
1305031124.450245 -0.049091529 0.154991463 0.128879339 -0.088313401 -0.054149553 0.009971987 0.994569838
1305031124.480099 -0.047974613 0.139687777 0.130269855 -0.084209733 -0.055744555 0.008335062 0.994852722
1305031124.511324 -0.051948447 0.133404389 0.131041646 -0.075406060 -0.055778619 0.005399802 0.995576978
1305031124.550437 -0.051300585 0.119027503 0.132904440 -0.072926380 -0.057749912 0.003184328 0.995658934
1305031124.579404 -0.053277664 0.108060442 0.136370480 -0.068413444 -0.059745342 0.000728449 0.995866299
1305031124.611358 -0.052089032 0.092950895 0.140742421 -0.065238096 -0.062743895 -0.000710264 0.995894969
1305031124.651271 -0.053722460 0.084770270 0.142832965 -0.059719574 -0.064411893 -0.003116471 0.996130049
1305031124.679362 -0.050213628 0.068696618 0.148820639 -0.057433479 -0.067689508 -0.004132707 0.996043444
1305031124.711251 -0.050534982 0.061430212 0.152103260 -0.051417835 -0.067551948 -0.006402914 0.996369421
1305031124.749890 -0.052492402 0.048758473 0.155778259 -0.049168706 -0.067079745 -0.008995480 0.996494830
1305031124.779365 -0.052594475 0.037078235 0.159674123 -0.045820195 -0.068163596 -0.008911459 0.996581614
1305031124.811360 -0.051200338 0.024967711 0.163820416 -0.044150937 -0.069814518 -0.008743934 0.996544182
1305031124.850535 -0.050935660 0.010341637 0.170774519 -0.044738404 -0.071494468 -0.009330172 0.996393561
1305031124.879355 -0.045198083 -0.001058413 0.177524716 -0.042204257 -0.073574372 -0.009045104 0.996355295
1305031124.911448 -0.048373491 -0.008069710 0.179618746 -0.039505806 -0.069639750 -0.009967679 0.996739864
1305031124.950730 -0.048717298 -0.019433523 0.187055886 -0.042248160 -0.068422556 -0.010557777 0.996705592
1305031124.979438 -0.049029287 -0.039100267 0.194761217 -0.043206044 -0.067695491 -0.008292701 0.996735573
1305031125.011454 -0.051677562 -0.046979882 0.197351396 -0.037428416 -0.069359548 -0.006742157 0.996866524
1305031125.050763 -0.047932144 -0.052694365 0.202422917 -0.034445390 -0.072694808 -0.005659643 0.996743202
1305031125.079364 -0.047882877 -0.065025456 0.207956970 -0.036130998 -0.071735665 -0.002349438 0.996766329
1305031125.111364 -0.049730249 -0.077197775 0.212786630 -0.035516299 -0.072463706 -0.001718947 0.996737003
1305031125.151013 -0.046422422 -0.088936470 0.216497242 -0.033037152 -0.073919855 -0.002965926 0.996712446
1305031125.179353 -0.051302742 -0.090469070 0.217778385 -0.031270407 -0.069698445 -0.003604184 0.997071385
1305031125.211320 -0.051451948 -0.104856715 0.223624572 -0.035821725 -0.068737648 -0.003291775 0.996986032
1305031125.250632 -0.053462669 -0.118990809 0.227768824 -0.035143197 -0.068144910 -0.005245288 0.997042477
1305031125.279467 -0.055076472 -0.123218179 0.227891088 -0.031317256 -0.067576714 -0.007082469 0.997197330
1305031125.311493 -0.054991700 -0.132996276 0.233166635 -0.031324528 -0.066276565 -0.006513967 0.997288287
1305031125.348880 -0.057707164 -0.140402690 0.233832389 -0.028102163 -0.064245231 -0.008813967 0.997499466
1305031125.379401 -0.053256761 -0.144518733 0.238887995 -0.027559906 -0.063916512 -0.013513433 0.997483194
1305031125.411335 -0.055260811 -0.147509068 0.242404744 -0.026751416 -0.056924690 -0.014347714 0.997916877
1305031125.451195 -0.057943843 -0.155569911 0.245739996 -0.030394476 -0.050944667 -0.016399557 0.998104215
1305031125.479424 -0.058103770 -0.163992658 0.247765988 -0.030428469 -0.046858288 -0.018157154 0.998272896
1305031125.511316 -0.059468340 -0.164608046 0.247746632 -0.029329216 -0.042551484 -0.018679634 0.998489082
1305031125.551020 -0.059152409 -0.166350216 0.250041068 -0.029844094 -0.039698891 -0.020304518 0.998559535
1305031125.579308 -0.059489291 -0.169143379 0.250427455 -0.031456020 -0.035873078 -0.023210606 0.998591483
1305031125.611533 -0.059680190 -0.175829619 0.251353860 -0.032026924 -0.032658417 -0.022970965 0.998689234
1305031125.650575 -0.062307201 -0.180557907 0.246958062 -0.029136214 -0.031896956 -0.019264998 0.998880684
1305031125.679328 -0.067616761 -0.172636122 0.236790240 -0.023609232 -0.034157116 -0.018471150 0.998966813
1305031125.711443 -0.062505320 -0.173461080 0.239320472 -0.022811893 -0.041621991 -0.016416803 0.998738050
1305031125.751260 -0.062122695 -0.160590783 0.233756676 -0.016473522 -0.043722954 -0.015521253 0.998787284
1305031125.779348 -0.062500238 -0.150750771 0.231013522 -0.015212320 -0.044609006 -0.019385852 0.998700559
1305031125.811573 -0.059737619 -0.141349941 0.228272468 -0.014777666 -0.044781111 -0.019926395 0.998688817
1305031125.847412 -0.061389893 -0.134112090 0.224408656 -0.017115919 -0.042700559 -0.021760408 0.998704314
1305031125.879318 -0.062633388 -0.124460809 0.219114676 -0.016766813 -0.042944759 -0.021816863 0.998698533
1305031125.911305 -0.067091964 -0.110303037 0.213053495 -0.018922372 -0.044832163 -0.021588411 0.998582006
1305031125.947343 -0.068866335 -0.108333543 0.207912400 -0.024127958 -0.051005151 -0.018780403 0.998230278
1305031125.979324 -0.066400863 -0.094306059 0.205067262 -0.023459664 -0.059302021 -0.015193054 0.997848749
1305031126.011333 -0.061621871 -0.079659335 0.202333733 -0.024822429 -0.066347465 -0.015236357 0.997371435
1305031126.047324 -0.056978591 -0.064332798 0.200597286 -0.026543081 -0.068816625 -0.014889413 0.997165084
1305031126.079356 -0.057057030 -0.049502444 0.197394595 -0.029640386 -0.067027390 -0.015034852 0.997197449
1305031126.111370 -0.053582527 -0.041075226 0.197954163 -0.034937069 -0.067376152 -0.014599498 0.997008920
1305031126.147432 -0.051229082 -0.024164924 0.196976483 -0.036460869 -0.067170121 -0.011229674 0.997011900
1305031126.179384 -0.055035003 -0.009778953 0.192441508 -0.042356744 -0.065766267 -0.012145771 0.996861696
1305031126.211319 -0.051034272 -0.001553666 0.192628056 -0.047947936 -0.067482919 -0.011338979 0.996503115
1305031126.247298 -0.050326418 0.017008305 0.188216642 -0.048821148 -0.065962747 -0.011011974 0.996566176
1305031126.279363 -0.049408678 0.028435064 0.187825829 -0.053482287 -0.064579152 -0.012421696 0.996401012
1305031126.311332 -0.047697846 0.043093067 0.184244215 -0.057016782 -0.061876800 -0.014074189 0.996354520
1305031126.347363 -0.047422823 0.051702216 0.182198405 -0.062638804 -0.058052689 -0.015190830 0.996230721
1305031126.379423 -0.049418218 0.063464515 0.179335520 -0.065628856 -0.054458868 -0.016389564 0.996222198
1305031126.411465 -0.049317800 0.075352550 0.176677644 -0.069950812 -0.053063389 -0.018353187 0.995969057
1305031126.447361 -0.050341580 0.081893340 0.175183550 -0.075652212 -0.051240873 -0.017636184 0.995660663
1305031126.479533 -0.053736307 0.091506526 0.171276018 -0.077817574 -0.049979899 -0.014661429 0.995606124
1305031126.511410 -0.053170852 0.107625574 0.166320771 -0.079110324 -0.051912248 -0.013261409 0.995424926
1305031126.547374 -0.049597677 0.117001310 0.165556878 -0.085145086 -0.053470973 -0.013250573 0.994844556
1305031126.579454 -0.046981331 0.123955913 0.163909942 -0.090286478 -0.052179795 -0.010733481 0.994490027
1305031126.611528 -0.046952792 0.133428007 0.162198260 -0.095027238 -0.050215006 -0.009278751 0.994164109
1305031126.647376 -0.044516895 0.137174860 0.161910057 -0.100051254 -0.049020685 -0.007329654 0.993746996
1305031126.679479 -0.042083591 0.141826689 0.159718677 -0.102904350 -0.047800701 -0.002397267 0.993539214
1305031126.711583 -0.040550835 0.149572968 0.157102451 -0.105011739 -0.046377111 0.000808407 0.993388712
1305031126.747316 -0.040405747 0.150640145 0.156362548 -0.107174896 -0.044418868 0.003391929 0.993241727
1305031126.779379 -0.039188560 0.158467919 0.153086483 -0.105481081 -0.043739185 0.006315572 0.993438840
1305031126.811602 -0.037439488 0.164758399 0.150998667 -0.104272343 -0.041656669 0.005983140 0.993658006
1305031126.847343 -0.036098875 0.166362256 0.148702547 -0.105740115 -0.038144089 0.007173798 0.993636131
1305031126.879357 -0.037642889 0.170346022 0.146012545 -0.105546772 -0.035006236 0.007696002 0.993768275
1305031126.911364 -0.036044084 0.171097890 0.145563170 -0.106018208 -0.033297975 0.007158490 0.993780792
1305031126.947437 -0.035646982 0.171785370 0.144000620 -0.107149385 -0.032596797 0.009128776 0.993666530
1305031126.979337 -0.036686901 0.169317156 0.142570421 -0.108748332 -0.032893986 0.009627727 0.993478298
1305031127.011371 -0.036004324 0.167326003 0.142746821 -0.108174533 -0.033850130 0.010220009 0.993502915
1305031127.047297 -0.035137903 0.170334935 0.141406134 -0.105899379 -0.034502555 0.011414412 0.993712544
1305031127.079299 -0.035247575 0.167813420 0.142133877 -0.107392505 -0.035083421 0.011949972 0.993525684
1305031127.111435 -0.036103770 0.161302820 0.142753944 -0.109726101 -0.037056051 0.012545354 0.993191659
1305031127.147307 -0.036996469 0.158893570 0.142777383 -0.108363248 -0.040195096 0.012765017 0.993216395
1305031127.179349 -0.036506876 0.160053402 0.143131539 -0.105055541 -0.043212123 0.012822978 0.993444324
1305031127.211700 -0.034823928 0.160937697 0.144730523 -0.103069738 -0.045440063 0.012490424 0.993557155
1305031127.247374 -0.033710714 0.155082420 0.146780267 -0.102632940 -0.046193600 0.011384658 0.993580937
1305031127.279465 -0.034652121 0.154953316 0.147739455 -0.099686824 -0.046028584 0.010165070 0.993901730
1305031127.311362 -0.037422642 0.150796548 0.148658827 -0.100680657 -0.045988347 0.009364188 0.993811250
1305031127.347356 -0.035956118 0.142563462 0.151051715 -0.101041712 -0.048339229 0.009058881 0.993665874
1305031127.379262 -0.037219610 0.144307837 0.151334107 -0.096707322 -0.049061902 0.008830167 0.994063735
1305031127.411371 -0.037381463 0.142224893 0.154019728 -0.096729450 -0.050328802 0.008462717 0.994001448
1305031127.447333 -0.036214922 0.136114687 0.157279968 -0.097407386 -0.052421067 0.008721151 0.993824840
1305031127.479362 -0.038340587 0.139458731 0.156737566 -0.093380392 -0.052512892 0.007263837 0.994218171
1305031127.511356 -0.040053822 0.138490826 0.157611564 -0.094156027 -0.053102478 0.006401573 0.994119644
1305031127.547348 -0.038929526 0.133307487 0.161285952 -0.095329382 -0.054737210 0.006179820 0.993920505
1305031127.579345 -0.041063413 0.134062529 0.161219344 -0.092786126 -0.054335427 0.005654129 0.994186342
1305031127.611271 -0.040379904 0.134832248 0.162119448 -0.092812963 -0.055390410 0.005791806 0.994124830
1305031127.647358 -0.038596112 0.129566923 0.164172307 -0.095434770 -0.056549422 0.007355189 0.993800938
1305031127.679298 -0.039580852 0.129375890 0.165083677 -0.093313783 -0.056602251 0.007836454 0.993995667
1305031127.711375 -0.040128440 0.130701020 0.164678320 -0.092360981 -0.057328518 0.007502261 0.994045615
1305031127.747304 -0.038377743 0.127993867 0.166289553 -0.094291016 -0.058522813 0.008149988 0.993789673
1305031127.779346 -0.038588878 0.125444934 0.166755661 -0.093684107 -0.058685444 0.008059148 0.993838251
1305031127.811829 -0.040909439 0.128044829 0.165146023 -0.090996474 -0.057885211 0.006951343 0.994143188
1305031127.847366 -0.041726299 0.126506090 0.164565250 -0.091522194 -0.057593737 0.005829951 0.994119048
1305031127.879380 -0.042412788 0.124833144 0.166062072 -0.092098430 -0.058030106 0.005611577 0.994041741
1305031127.911476 -0.042758401 0.125370964 0.166813269 -0.091394819 -0.059115123 0.005571475 0.994042933
1305031127.947366 -0.043634325 0.125901416 0.165674254 -0.091955930 -0.059396107 0.005424042 0.993975282
1305031127.979371 -0.042974997 0.124337256 0.168237463 -0.094073676 -0.060644299 0.005409439 0.993701756
1305031128.011427 -0.041765343 0.126243100 0.169997513 -0.094082542 -0.061219722 0.005148504 0.993667066
1305031128.047369 -0.039619435 0.121637329 0.172663242 -0.098326787 -0.061152998 0.006593875 0.993251562
1305031128.079334 -0.041472521 0.119390272 0.175108895 -0.098438047 -0.059961505 0.006849190 0.993311465
1305031128.111391 -0.042381261 0.120127194 0.176170036 -0.097100884 -0.059916694 0.007229324 0.993443131
1305031128.147418 -0.041378807 0.118995599 0.177075163 -0.098143905 -0.060297873 0.009143421 0.993301809
1305031128.179350 -0.038701750 0.113966033 0.180633590 -0.099059366 -0.061466262 0.010722493 0.993123472
1305031128.211447 -0.040076748 0.117027834 0.179047212 -0.095625624 -0.060776107 0.011169363 0.993497550
1305031128.247480 -0.040036023 0.118814811 0.179240897 -0.095193185 -0.061256316 0.011538546 0.993505359
1305031128.279336 -0.040431205 0.113816746 0.180238992 -0.097026490 -0.061391093 0.011108194 0.993324518
1305031128.311483 -0.041551523 0.115539633 0.179514274 -0.094901733 -0.060945265 0.010245803 0.993566573
1305031128.347423 -0.041058600 0.116257511 0.179895401 -0.094617754 -0.061512101 0.009712497 0.993564010
1305031128.379404 -0.042693138 0.114978381 0.180123150 -0.094838634 -0.061269335 0.007343930 0.993578255
1305031128.411337 -0.042617429 0.113905311 0.179805696 -0.094467245 -0.061382804 0.006686938 0.993611336
1305031128.447296 -0.043172657 0.113820739 0.179047033 -0.094180077 -0.061318230 0.005781500 0.993648231
1305031128.479296 -0.043912683 0.112237953 0.179342508 -0.094727308 -0.061311103 0.004489079 0.993603408
1305031128.511433 -0.043258734 0.111626431 0.179818571 -0.094355859 -0.061490551 0.004076750 0.993629396
1305031128.547399 -0.043057807 0.110319994 0.179502189 -0.094951868 -0.060974896 0.003234910 0.993607461
1305031128.579455 -0.042318095 0.107141539 0.179822519 -0.095412761 -0.060842048 0.002773274 0.993572891
1305031128.611395 -0.044647887 0.106994502 0.178594276 -0.093994156 -0.059991799 0.002917667 0.993759334
1305031128.647352 -0.045580514 0.108192682 0.177385092 -0.092831522 -0.060767230 0.003188772 0.993820667
1305031128.679282 -0.043839205 0.105254084 0.178489357 -0.093452200 -0.063042596 0.003368587 0.993620157
1305031128.711457 -0.043077774 0.106349342 0.178010717 -0.091681369 -0.063107803 0.002420559 0.993783712
1305031128.747363 -0.043105379 0.106681280 0.177217543 -0.090787306 -0.062044661 0.001439819 0.993934631
